195.27	178.571
195.55	178.571
195.82	178.571
196.09	75.000
196.36	22.222
196.63	-1400.000
196.90	3.333
197.17	105.263
197.44	53.125
197.71	-33.333
197.98	225.000
198.25	-4600.000
198.52	243.750
198.79	-90.000
199.06	34.375
199.33	-152.000
199.60	78.261
199.87	-285.714
200.14	47.619
200.42	117.647
200.69	44.262
200.96	950.000
201.23	72.500
201.50	35.088
201.77	-112.500
202.04	200.000
202.31	172.549
202.58	123.636
202.85	144.444
203.12	-168.000
203.39	0.000
203.66	130.769
203.93	189.744
204.20	130.233
204.47	277.273
204.74	870.000
205.01	-111.111
205.28	-62.500
205.55	300.000
205.82	148.387
206.09	146.667
206.36	134.694
206.63	123.881
206.90	50.909
207.17	141.463
207.45	205.882
207.72	174.468
207.99	10.390
208.26	-87.500
208.53	58.333
208.80	163.265
209.07	112.963
209.34	123.404
209.61	0.000
209.88	57.282
210.15	85.965
210.42	71.429
210.69	154.545
210.96	164.706
211.23	270.968
211.50	182.609
211.77	-10.638
212.04	127.778
212.31	33.333
212.58	0.000
212.85	68.293
213.12	74.026
213.39	59.016
213.66	65.217
213.93	80.000
214.20	319.048
214.47	528.571
214.74	29.730
215.01	61.333
215.28	191.667
215.55	168.750
215.82	64.557
216.09	74.194
216.36	309.524
216.63	201.852
216.90	88.000
217.17	87.719
217.44	93.023
217.71	88.764
217.98	68.116
218.25	232.000
218.52	88.506
218.79	52.137
219.06	81.034
219.33	204.762
219.60	192.857
219.87	120.000
220.14	146.774
220.41	145.570
220.68	125.974
220.95	143.373
221.22	62.069
221.49	-127.273
221.76	108.333
222.03	146.154
222.30	162.791
222.57	136.585
222.84	34.783
223.11	75.385
223.38	98.925
223.65	73.438
223.92	145.000
224.19	46.988
224.46	93.617
224.73	196.364
225.00	159.091
225.27	207.692
225.54	100.000
225.81	-1000.000
226.08	285.714
226.35	153.947
226.62	77.273
226.89	59.494
227.16	122.500
227.43	303.704
227.70	71.429
227.97	94.667
228.24	122.500
228.51	50.000
228.78	80.000
229.05	160.465
229.32	103.125
229.58	-24.000
229.85	184.211
230.12	92.308
230.39	76.471
230.66	126.667
230.93	212.500
231.20	-18.421
231.47	115.789
231.74	102.985
232.01	100.000
232.28	41.667
232.55	-1300.000
232.82	175.000
233.09	115.625
233.36	109.804
233.63	380.000
233.90	491.667
234.17	614.286
234.44	4.762
234.71	97.619
234.98	78.723
235.25	61.364
235.52	147.059
235.79	69.474
236.06	77.215
236.32	119.481
236.59	146.667
236.86	117.460
237.13	76.577
237.40	95.420
237.67	82.927
237.94	81.356
238.21	83.721
238.48	118.182
238.75	45.833
239.02	103.175
239.29	190.741
239.56	163.043
239.83	528.571
240.10	-416.667
240.37	130.000
240.64	107.353
240.91	-1000.000
241.17	281.818
241.44	73.171
241.71	875.000
241.98	80.952
242.25	122.222
242.52	42.424
242.79	120.000
243.06	110.769
243.33	136.842
243.60	169.231
243.87	145.763
244.14	127.869
244.41	46.939
244.68	73.770
244.95	31.148
245.21	114.286
245.48	380.000
245.75	60.870
246.02	170.000
246.29	200.000
246.56	157.778
246.83	258.696
247.10	137.500
247.37	57.143
247.64	20.000
247.91	51.724
248.18	110.000
248.45	68.235
248.71	65.714
248.98	96.429
249.25	65.854
249.52	37.895
249.79	31.579
250.06	74.194
250.33	88.235
250.60	77.143
250.87	90.000
251.14	97.727
251.41	44.615
251.68	76.471
251.94	154.717
252.21	147.619
252.48	14.583
252.75	-1.515
253.02	82.857
253.29	77.465
253.56	8.621
253.83	120.000
254.10	117.544
254.37	83.824
254.63	9.804
254.90	106.522
255.17	111.940
255.44	65.909
255.71	16.667
255.98	162.745
256.25	21.951
256.52	-66.667
256.79	18.519
257.06	158.491
257.32	79.630
257.59	81.308
257.86	92.683
258.13	125.000
258.40	107.463
258.67	258.333
258.94	103.571
259.21	10.526
259.48	93.220
259.74	84.375
260.01	83.333
260.28	-625.000
260.55	154.545
260.82	75.000
261.09	121.053
261.36	0.000
261.63	60.000
261.89	54.286
262.16	139.535
262.43	116.129
262.70	124.194
262.97	30.769
263.24	-20.000
263.51	27.143
263.78	85.366
264.05	122.892
264.31	158.333
264.58	296.296
264.85	61.972
265.12	117.241
265.39	327.907
265.66	163.415
265.93	60.345
266.19	69.136
266.46	4200.000
266.73	103.571
267.00	79.630
267.27	19.048
267.54	53.571
267.81	86.792
268.08	88.034
268.34	116.327
268.61	60.000
268.88	105.660
269.15	104.225
269.42	130.435
269.69	137.838
269.96	91.176
270.22	46.087
270.49	49.107
270.76	90.361
271.03	-666.667
271.30	84.211
271.57	465.000
271.84	119.565
272.10	117.568
272.37	217.857
272.64	56.522
272.91	257.143
273.18	400.000
273.45	900.000
273.72	-325.000
273.98	67.347
274.25	-40.741
274.52	102.667
274.79	128.571
275.06	66.279
275.33	134.783
275.59	168.421
275.86	233.333
276.13	112.987
276.40	81.081
276.67	86.207
276.94	193.939
277.20	191.837
277.47	73.333
277.74	75.904
278.01	530.000
278.28	-10.526
278.55	165.625
278.81	425.000
279.08	178.947
279.35	162.295
279.62	168.627
279.89	105.195
280.16	102.703
280.42	92.727
280.69	250.000
280.96	223.077
281.23	2300.000
281.50	32.558
281.77	69.767
282.03	72.131
282.30	141.176
282.57	54.545
282.84	100.000
283.11	108.661
283.38	120.213
283.64	152.174
283.91	160.870
284.18	110.843
284.45	62.712
284.72	85.714
284.98	71.429
285.25	79.310
285.52	-288.889
285.79	162.963
286.06	56.000
286.33	82.222
286.59	183.333
286.86	153.448
287.13	61.972
287.40	136.364
287.67	177.778
287.93	100.000
288.20	73.684
288.47	105.882
288.74	165.909
289.01	125.000
289.27	82.090
289.54	118.367
289.81	142.222
290.08	53.448
290.35	74.359
290.61	233.333
290.88	73.118
291.15	102.439
291.42	129.870
291.69	172.340
291.95	126.562
292.22	83.784
292.49	62.385
292.76	102.727
293.03	95.652
293.29	87.755
293.56	141.333
293.83	267.742
294.10	118.182
294.37	74.803
294.63	-550.000
294.90	233.333
295.17	97.030
295.44	94.253
295.70	154.054
295.97	124.000
296.24	138.776
296.51	141.026
296.78	102.020
297.04	121.687
297.31	56.522
297.58	50.833
297.85	104.545
298.11	130.508
298.38	74.737
298.65	72.840
298.92	125.610
299.19	198.000
299.45	91.860
299.72	95.312
299.99	79.687
300.26	89.157
300.52	63.710
300.79	84.466
301.06	220.513
301.33	118.310
301.60	120.635
301.86	119.355
302.13	91.566
302.40	70.536
302.67	91.791
302.93	83.673
303.20	152.632
303.47	214.286
303.74	108.750
304.00	101.980
304.27	120.430
304.54	185.915
304.81	115.200
305.07	108.850
305.34	154.348
305.61	379.310
305.88	100.000
306.15	106.780
306.41	63.866
306.68	65.217
306.95	75.258
307.22	103.000
307.48	171.831
307.75	139.286
308.02	133.333
308.29	97.826
308.55	90.351
308.82	106.173
309.09	109.302
309.36	98.765
309.62	107.317
309.89	105.217
310.16	94.737
310.42	130.189
310.69	100.926
310.96	115.574
311.23	83.673
311.49	76.190
311.76	180.556
312.03	144.928
312.30	89.583
312.56	20.492
312.83	57.500
313.10	71.304
313.37	111.828
313.63	120.755
313.90	127.711
314.17	54.369
314.44	82.653
314.70	75.168
314.97	113.194
315.24	78.788
315.50	83.333
315.77	113.333
316.04	95.833
316.31	85.333
316.57	93.043
316.84	118.421
317.11	103.333
317.38	120.139
317.64	124.545
317.91	111.905
318.18	103.593
318.44	101.600
318.71	157.353
318.98	79.070
319.25	62.222
319.51	87.975
319.78	111.811
320.05	95.833
320.31	93.151
320.58	102.312
320.85	104.027
321.12	87.023
321.38	110.995
321.65	92.040
321.92	99.412
322.18	78.205
322.45	74.691
322.72	104.091
322.99	127.517
323.25	125.714
323.52	87.919
323.79	102.344
324.05	97.126
324.32	94.505
324.59	122.047
324.86	92.632
325.12	101.099
325.39	134.409
325.66	124.299
325.92	96.117
326.19	97.115
326.46	84.362
326.72	105.528
326.99	72.065
327.26	70.556
327.52	117.007
327.79	96.000
328.06	59.322
328.33	90.045
328.59	96.667
328.86	95.283
329.13	117.544
329.39	118.405
329.66	97.778
329.93	94.323
330.19	95.142
330.46	93.534
330.73	101.896
330.99	121.547
331.26	122.905
331.53	78.571
331.79	87.113
332.06	104.000
332.33	107.426
332.60	115.642
332.86	99.130
333.13	117.225
333.40	100.000
333.66	94.313
333.93	87.398
334.20	72.924
334.46	93.852
334.73	87.698
335.00	91.518
335.26	94.332
335.53	94.355
335.80	100.000
336.06	113.139
336.33	95.062
336.60	88.087
336.86	88.968
337.13	124.380
337.40	101.594
337.66	92.549
337.93	88.172
338.20	103.915
338.46	125.794
338.73	114.634
339.00	105.283
339.26	95.699
339.53	99.662
339.80	103.462
340.06	116.034
340.33	101.107
340.60	95.804
340.86	94.286
341.13	93.678
341.40	96.689
341.66	109.053
341.93	105.792
342.19	95.819
342.46	107.636
342.73	115.129
342.99	111.429
343.26	123.221
343.53	112.360
343.79	113.934
344.06	95.681
344.33	93.980
344.59	105.988
344.86	91.384
345.13	100.838
345.39	115.254
345.66	101.173
345.93	104.533
346.19	94.851
346.46	88.764
346.72	88.304
346.99	101.714
347.26	101.180
347.52	98.538
347.79	103.323
348.06	101.626
348.32	103.040
348.59	97.844
348.86	106.161
349.12	96.789
349.39	101.357
349.65	108.290
349.92	90.575
350.19	100.000
350.45	89.912
350.72	91.702
350.99	98.729
351.25	111.135
351.52	103.036
351.78	100.569
352.05	98.824
352.32	93.486
352.58	96.436
352.85	103.612
353.12	109.789
353.38	84.486
353.65	86.162
353.91	92.593
354.18	93.333
354.45	92.655
354.71	93.964
354.98	92.427
355.24	89.965
355.51	97.645
355.78	100.000
356.04	116.562
356.31	100.000
356.58	95.159
356.84	97.409
357.11	105.176
357.37	101.568
357.64	93.178
357.91	102.262
358.17	109.609
358.44	104.574
358.70	106.557
358.97	108.458
359.24	103.514
359.50	100.442
359.77	96.505
360.03	95.164
360.30	106.718
360.57	102.496
360.83	100.576
361.10	100.147
361.36	103.787
361.63	101.230
361.90	102.019
362.16	94.321
362.43	97.959
362.69	97.544
362.96	97.230
363.23	96.419
363.49	94.757
363.76	93.735
364.02	93.349
364.29	90.780
364.55	99.875
364.82	104.529
365.09	104.727
365.35	103.110
365.62	102.693
365.88	98.606
366.15	99.770
366.42	98.934
366.68	98.713
366.95	104.014
367.21	103.468
367.48	101.225
367.74	96.638
368.01	106.866
368.28	104.415
368.54	103.322
368.81	110.066
369.07	100.408
369.34	99.795
369.60	104.271
369.87	96.748
370.14	89.370
370.40	95.863
370.67	96.491
370.93	99.316
371.20	103.681
371.46	101.139
371.73	99.434
372.00	100.192
372.26	100.093
372.53	100.803
372.79	101.746
373.06	100.709
373.32	102.798
373.59	101.975
373.85	100.348
374.12	96.435
374.39	97.627
374.65	100.760
374.92	100.944
375.18	94.481
375.45	96.725
375.71	98.031
375.98	95.830
376.24	99.511
376.51	101.975
376.78	98.425
377.04	94.330
377.31	100.453
377.57	97.678
377.84	100.818
378.10	100.078
378.37	98.803
378.63	102.291
378.90	100.933
379.16	98.692
379.43	101.638
379.70	97.626
379.96	104.226
380.23	107.285
380.49	99.113
380.76	95.609
381.02	101.601
381.29	98.540
381.55	97.695
381.82	98.998
382.08	97.904
382.35	99.732
382.61	98.342
382.88	97.677
383.15	96.154
383.41	98.609
383.68	101.074
383.94	103.878
384.21	101.525
384.47	101.793
384.74	102.190
385.00	99.517
385.27	96.862
385.53	101.172
385.80	97.808
386.06	96.616
386.33	99.656
386.59	100.520
386.86	97.803
387.12	101.030
387.39	102.892
387.65	102.400
387.92	102.885
388.18	98.939
388.45	101.216
388.71	98.344
388.98	97.694
389.24	98.878
389.51	98.992
389.78	102.913
390.04	102.772
390.31	99.467
390.57	97.386
390.84	99.951
391.10	99.261
391.37	98.304
391.63	97.011
391.90	100.941
392.16	99.298
392.43	99.852
392.69	99.046
392.96	101.548
393.22	99.313
393.49	99.521
393.75	100.564
394.02	100.377
394.28	95.672
394.55	95.555
394.81	98.712
395.08	100.138
395.34	99.056
395.61	99.053
395.87	101.287
396.14	97.832
396.40	98.187
396.67	100.565
396.93	100.784
397.19	97.296
397.46	99.442
397.72	97.833
397.99	98.593
398.25	98.645
398.52	98.419
398.78	99.511
399.05	97.518
399.31	99.714
399.58	100.563
399.84	101.301
400.11	99.323
400.37	97.856
400.64	98.067
400.90	98.749
401.17	98.699
401.43	99.093
401.70	96.697
401.96	99.849
402.23	103.599
402.49	100.530
402.76	100.037
403.02	100.997
403.29	100.407
403.55	100.547
403.81	102.615
404.08	101.368
404.34	97.224
404.61	99.616
404.87	100.440
405.14	102.055
405.40	102.232
405.67	99.797
405.93	98.232
406.20	98.379
406.46	100.724
406.73	101.821
406.99	101.917
407.25	97.914
407.52	98.306
407.78	102.379
408.05	101.224
408.31	99.780
408.58	100.629
408.84	100.626
409.11	101.890
409.37	100.000
409.64	101.328
409.90	99.313
410.16	98.978
410.43	99.827
410.69	101.365
410.96	101.553
411.22	98.773
411.49	100.059
411.75	100.345
412.02	98.997
412.28	100.453
412.54	99.444
412.81	99.972
413.07	98.589
413.34	97.093
413.60	99.455
413.87	100.820
414.13	101.677
414.40	99.384
414.66	98.222
414.92	99.919
415.19	98.380
415.45	98.997
415.72	98.599
415.98	100.730
416.25	100.649
416.51	99.716
416.77	100.255
417.04	98.024
417.30	99.243
417.57	99.159
417.83	100.503
418.10	100.170
418.36	101.016
418.62	102.251
418.89	100.468
419.15	99.183
419.42	101.468
419.68	102.102
419.95	99.621
420.21	98.905
420.47	98.970
420.74	98.020
421.00	99.842
421.27	101.318
421.53	101.508
421.79	100.643
422.06	99.006
422.32	100.806
422.59	100.803
422.85	100.868
423.11	100.256
423.38	100.064
423.64	100.106
423.91	99.293
424.17	98.506
424.44	100.623
424.70	100.353
424.96	99.507
425.23	100.061
425.49	99.535
425.76	98.568
426.02	99.405
426.28	98.375
426.55	98.625
426.81	99.788
427.08	99.886
427.34	99.514
427.60	98.435
427.87	98.456
428.13	99.776
428.40	100.331
428.66	99.982
428.92	99.403
429.19	100.053
429.45	100.318
429.71	100.563
429.98	100.244
430.24	99.758
430.51	100.324
430.77	98.666
431.03	98.520
431.30	98.737
431.56	99.421
431.83	99.114
432.09	100.319
432.35	101.189
432.62	99.690
432.88	99.856
433.14	99.937
433.41	100.574
433.67	100.703
433.94	99.793
434.20	99.749
434.46	100.535
434.73	98.800
434.99	99.540
435.25	99.503
435.52	99.086
435.78	99.911
436.05	99.883
436.31	99.322
436.57	99.604
436.84	99.631
437.10	99.886
437.36	100.315
437.63	99.557
437.89	100.419
438.15	100.282
438.42	99.789
438.68	100.697
438.95	99.473
439.21	99.918
439.47	100.339
439.74	100.759
440.00	101.023
440.26	100.364
440.53	101.074
440.79	100.346
441.05	100.322
441.32	100.321
441.58	100.157
441.84	99.729
442.11	98.321
442.37	98.183
442.64	100.208
442.90	100.486
443.16	100.423
443.43	100.064
443.69	99.709
443.95	99.305
444.22	99.538
444.48	99.313
444.74	99.114
445.01	99.633
445.27	99.781
445.53	99.756
445.80	98.779
446.06	97.784
446.32	99.477
446.59	99.599
446.85	98.635
447.11	99.917
447.38	99.836
447.64	98.403
447.90	99.115
448.17	99.400
448.43	97.826
448.69	99.248
448.96	100.296
449.22	100.281
449.48	100.976
449.75	99.351
450.01	99.813
450.27	99.923
450.54	100.317
450.80	98.842
451.06	99.345
451.33	99.816
451.59	99.935
451.85	100.118
452.12	99.968
452.38	99.072
452.64	99.884
452.91	98.948
453.17	99.590
453.43	100.286
453.69	99.718
453.96	99.586
454.22	99.832
454.48	99.801
454.75	100.039
455.01	100.505
455.27	100.126
455.54	100.039
455.80	99.799
456.06	100.467
456.33	100.460
456.59	99.853
456.85	100.185
457.12	99.982
457.38	99.468
457.64	99.645
457.90	99.095
458.17	99.233
458.43	99.370
458.69	100.256
458.96	100.442
459.22	99.906
459.48	99.738
459.75	99.216
460.01	99.364
460.27	99.010
460.53	99.381
460.80	100.246
461.06	100.073
461.32	100.514
461.59	100.551
461.85	99.708
462.11	99.429
462.37	99.585
462.64	100.301
462.90	100.481
463.16	100.361
463.43	99.615
463.69	99.794
463.95	100.473
464.21	99.903
464.48	100.022
464.74	99.878
465.00	99.462
465.27	99.626
465.53	99.937
465.79	100.331
466.05	100.014
466.32	99.663
466.58	99.829
466.84	100.342
467.10	99.401
467.37	99.488
467.63	99.381
467.89	99.575
468.16	99.584
468.42	100.676
468.68	100.446
468.94	100.145
469.21	99.606
469.47	100.037
469.73	100.894
469.99	100.271
470.26	99.785
470.52	99.812
470.78	100.058
471.04	99.285
471.31	99.410
471.57	99.447
471.83	99.297
472.10	99.813
472.36	100.177
472.62	99.684
472.88	99.682
473.15	99.623
473.41	99.984
473.67	99.922
473.93	100.203
474.20	99.814
474.46	99.591
474.72	99.585
474.98	100.314
475.25	100.309
475.51	99.961
475.77	99.329
476.03	99.782
476.30	100.038
476.56	100.228
476.82	100.347
477.08	100.513
477.34	99.812
477.61	99.402
477.87	100.070
478.13	100.138
478.39	99.603
478.66	100.132
478.92	100.008
479.18	99.773
479.44	99.996
479.71	99.812
479.97	99.553
480.23	100.112
480.49	99.857
480.76	100.008
481.02	99.919
481.28	100.253
481.54	99.769
481.80	99.592
482.07	99.287
482.33	99.353
482.59	99.502
482.85	99.801
483.12	99.362
483.38	99.797
483.64	99.926
483.90	100.101
484.16	99.962
484.43	99.712
484.69	99.604
484.95	99.993
485.21	100.368
485.48	99.719
485.74	99.609
486.00	100.066
486.26	100.340
486.52	99.341
486.79	99.876
487.05	100.022
487.31	100.119
487.57	100.078
487.83	99.757
488.10	99.566
488.36	99.500
488.62	99.946
488.88	99.979
489.14	99.760
489.41	99.826
489.67	99.444
489.93	99.396
490.19	99.412
490.45	99.688
490.72	99.718
490.98	100.011
491.24	99.997
491.50	99.784
491.76	100.128
492.03	99.617
492.29	99.544
492.55	99.794
492.81	99.908
493.07	99.807
493.34	99.761
493.60	99.783
493.86	99.671
494.12	100.024
494.38	100.047
494.65	99.907
494.91	99.931
495.17	99.974
495.43	99.916
495.69	99.929
495.95	99.839
496.22	99.900
496.48	99.467
496.74	99.565
497.00	100.005
497.26	100.105
497.53	99.803
497.79	99.806
498.05	99.696
498.31	99.935
498.57	99.933
498.83	100.026
499.10	100.343
499.36	99.880
499.62	99.285
499.88	99.591
500.14	99.926
500.40	99.883
500.67	99.724
500.93	99.831
501.19	100.351
501.45	100.142
501.71	99.908
501.97	99.753
502.24	99.775
502.50	99.826
502.76	99.850
503.02	99.820
503.28	99.882
503.54	99.524
503.81	99.713
504.07	99.742
504.33	99.856
504.59	99.900
504.85	99.981
505.11	99.913
505.37	99.833
505.64	100.008
505.90	99.829
506.16	99.881
506.42	99.772
506.68	99.816
506.94	100.318
507.20	100.142
507.47	99.730
507.73	99.913
507.99	100.234
508.25	99.806
508.51	99.597
508.77	100.148
509.03	100.390
509.30	100.225
509.56	100.070
509.82	99.664
510.08	99.843
510.34	100.041
510.60	99.752
510.86	100.080
511.13	100.023
511.39	100.124
511.65	99.717
511.91	99.473
512.17	100.052
512.43	100.122
512.69	99.734
512.95	100.081
513.22	100.123
513.48	99.852
513.74	99.894
514.00	99.723
514.26	99.680
514.52	99.970
514.78	100.124
515.04	99.934
515.31	99.876
515.57	99.807
515.83	99.607
516.09	99.388
516.35	99.710
516.61	99.638
516.87	99.615
517.13	99.781
517.40	99.954
517.66	99.697
517.92	99.000
518.18	99.137
518.44	99.838
518.70	99.886
518.96	99.628
519.22	99.943
519.48	100.054
519.75	99.852
520.01	99.764
520.27	100.140
520.53	99.910
520.79	99.820
521.05	99.556
521.31	99.798
521.57	100.084
521.83	100.148
522.09	99.928
522.36	99.910
522.62	99.623
522.88	99.929
523.14	100.072
523.40	99.795
523.66	99.690
523.92	99.545
524.18	99.841
524.44	100.269
524.70	100.149
524.96	99.942
525.23	99.631
525.49	99.844
525.75	99.970
526.01	99.918
526.27	99.809
526.53	100.123
526.79	100.058
527.05	100.035
527.31	99.883
527.57	99.809
527.83	100.005
528.09	100.051
528.36	99.456
528.62	99.581
528.88	99.686
529.14	99.867
529.40	100.024
529.66	99.873
529.92	99.967
530.18	100.008
530.44	99.908
530.70	99.814
530.96	99.842
531.22	99.903
531.48	99.739
531.74	99.775
532.00	99.890
532.27	100.044
532.53	99.988
532.79	100.025
533.05	99.911
533.31	99.704
533.57	99.764
533.83	99.779
534.09	99.819
534.35	99.820
534.61	99.646
534.87	99.656
535.13	99.515
535.39	99.685
535.65	99.983
535.91	99.792
536.17	99.660
536.43	99.576
536.70	99.704
536.96	99.937
537.22	100.158
537.48	99.944
537.74	100.062
538.00	99.678
538.26	99.649
538.52	99.736
538.78	99.777
539.04	99.940
539.30	100.042
539.56	99.914
539.82	99.848
540.08	99.697
540.34	99.905
540.60	99.655
540.86	99.616
541.12	99.796
541.38	99.874
541.64	99.926
541.90	100.033
542.16	100.151
542.42	99.983
542.68	100.016
542.94	99.996
543.21	99.946
543.47	100.134
543.73	100.042
543.99	99.934
544.25	99.759
544.51	99.837
544.77	100.080
545.03	99.857
545.29	99.864
545.55	100.068
545.81	100.046
546.07	100.104
546.33	100.108
546.59	99.863
546.85	99.530
547.11	99.659
547.37	100.090
547.63	100.126
547.89	99.874
548.15	99.966
548.41	99.930
548.67	100.053
548.93	99.955
549.19	99.950
549.45	100.084
549.71	99.999
549.97	99.851
550.23	99.873
550.49	99.903
550.75	99.971
551.01	100.160
551.27	100.110
551.53	100.070
551.79	99.823
552.05	99.666
552.31	99.598
552.57	99.796
552.83	100.089
553.09	100.160
553.35	100.095
553.61	99.810
553.87	99.853
554.13	100.136
554.39	99.900
554.65	100.047
554.91	99.954
555.17	99.642
555.43	99.785
555.69	99.852
555.95	99.956
556.21	99.815
556.47	99.568
556.73	99.743
556.99	99.655
557.25	99.654
557.51	99.987
557.77	99.883
558.03	99.883
558.29	99.551
558.55	99.846
558.81	100.173
559.07	99.717
559.33	99.747
559.59	100.071
559.85	100.165
560.11	99.760
560.37	99.869
560.62	99.979
560.88	99.898
561.14	99.868
561.40	99.629
561.66	99.816
561.92	99.788
562.18	99.833
562.44	99.846
562.70	99.809
562.96	99.948
563.22	99.767
563.48	99.668
563.74	99.886
564.00	99.952
564.26	99.909
564.52	99.937
564.78	99.917
565.04	99.824
565.30	99.711
565.56	99.849
565.82	99.980
566.08	99.795
566.34	99.923
566.60	99.847
566.86	99.880
567.11	99.867
567.37	99.720
567.63	99.950
567.89	100.165
568.15	99.976
568.41	99.642
568.67	99.879
568.93	99.674
569.19	99.711
569.45	99.815
569.71	99.846
569.97	99.746
570.23	99.918
570.49	99.689
570.75	99.951
571.01	99.832
571.27	99.911
571.52	99.954
571.78	99.881
572.04	99.958
572.30	99.918
572.56	99.721
572.82	99.711
573.08	99.715
573.34	99.892
573.60	99.930
573.86	100.006
574.12	99.986
574.38	100.164
574.64	100.118
574.90	100.081
575.15	99.673
575.41	99.780
575.67	99.938
575.93	99.722
576.19	99.909
576.45	99.911
576.71	100.031
576.97	99.862
577.23	99.928
577.49	99.950
577.75	99.759
578.01	100.112
578.26	100.178
578.52	100.004
578.78	100.231
579.04	100.110
579.30	99.860
579.56	99.746
579.82	99.851
580.08	99.801
580.34	99.846
580.60	99.907
580.86	99.779
581.11	99.857
581.37	99.977
581.63	100.053
581.89	99.916
582.15	100.045
582.41	99.947
582.67	100.025
582.93	100.306
583.19	100.073
583.45	100.280
583.70	99.928
583.96	99.635
584.22	99.735
584.48	99.908
584.74	99.941
585.00	99.867
585.26	99.674
585.52	99.594
585.78	99.923
586.03	99.946
586.29	99.947
586.55	100.107
586.81	99.818
587.07	99.859
587.33	99.948
587.59	99.945
587.85	99.935
588.11	100.257
588.36	99.905
588.62	100.034
588.88	99.792
589.14	99.702
589.40	99.936
589.66	100.090
589.92	100.037
590.18	99.744
590.43	99.753
590.69	99.641
590.95	99.683
591.21	99.807
591.47	99.785
591.73	99.663
591.99	99.677
592.24	99.759
592.50	99.869
592.76	99.789
593.02	99.707
593.28	99.697
593.54	99.976
593.80	99.988
594.06	99.776
594.31	99.860
594.57	99.936
594.83	99.970
595.09	100.044
595.35	99.908
595.61	99.958
595.87	99.973
596.12	99.989
596.38	99.867
596.64	99.883
596.90	99.899
597.16	99.852
597.42	100.090
597.67	100.189
597.93	99.951
598.19	99.933
598.45	99.643
598.71	99.820
598.97	99.905
599.23	99.823
599.48	99.722
599.74	99.861
600.00	99.840
600.26	99.803
600.52	99.737
600.78	99.779
601.03	99.816
601.29	99.948
601.55	100.150
601.81	99.874
602.07	99.821
602.33	99.990
602.58	99.957
602.84	99.626
603.10	99.842
603.36	99.980
603.62	100.124
603.88	100.166
604.13	99.948
604.39	99.795
604.65	99.849
604.91	99.983
605.17	99.950
605.42	99.696
605.68	99.775
605.94	99.771
606.20	99.864
606.46	99.832
606.72	99.680
606.97	99.952
607.23	100.180
607.49	100.154
607.75	100.160
608.01	100.130
608.26	100.012
608.52	99.920
608.78	99.928
609.04	100.083
609.30	99.949
609.55	99.800
609.81	99.913
610.07	99.910
610.33	99.850
610.59	99.652
610.84	99.715
611.10	99.884
611.36	99.796
611.62	99.810
611.88	99.819
612.13	99.886
612.39	100.076
612.65	99.943
612.91	99.693
613.17	99.656
613.42	99.856
613.68	99.878
613.94	99.907
614.20	99.732
614.46	99.582
614.71	99.727
614.97	99.893
615.23	99.940
615.49	99.833
615.75	99.749
616.00	99.837
616.26	99.911
616.52	99.846
616.78	99.746
617.03	99.784
617.29	99.854
617.55	99.792
617.81	99.903
618.07	99.967
618.32	99.915
618.58	99.908
618.84	100.130
619.10	99.951
619.35	99.753
619.61	99.703
619.87	99.775
620.13	99.759
620.39	99.993
620.64	99.955
620.90	100.097
621.16	100.121
621.42	99.966
621.67	99.915
621.93	99.981
622.19	99.831
622.45	100.063
622.70	100.102
622.96	100.037
623.22	100.094
623.48	100.097
623.73	99.976
623.99	99.963
624.25	99.990
624.51	100.082
624.77	99.879
625.02	99.927
625.28	99.948
625.54	99.783
625.80	99.804
626.05	99.975
626.31	99.951
626.57	99.831
626.83	99.883
627.08	99.896
627.34	99.869
627.60	99.813
627.85	99.882
628.11	99.822
628.37	99.880
628.63	99.999
628.88	99.901
629.14	99.597
629.40	99.789
629.66	99.870
629.91	99.751
630.17	99.870
630.43	99.929
630.69	99.976
630.94	99.781
631.20	99.915
631.46	100.119
631.72	100.222
631.97	100.038
632.23	100.073
632.49	99.988
632.74	99.802
633.00	99.733
633.26	99.646
633.52	99.654
633.77	99.818
634.03	99.732
634.29	99.795
634.55	99.747
634.80	99.858
635.06	99.958
635.32	99.958
635.57	99.841
635.83	100.070
636.09	99.953
636.35	100.020
636.60	99.780
636.86	99.732
637.12	100.072
637.37	100.046
637.63	99.827
637.89	99.696
638.15	99.704
638.40	99.722
638.66	100.116
638.92	100.034
639.17	99.941
639.43	99.802
639.69	99.876
639.94	99.947
640.20	99.876
640.46	99.906
640.72	100.070
640.97	100.059
641.23	100.021
641.49	100.159
641.74	100.069
642.00	99.866
642.26	99.978
642.51	99.964
642.77	99.849
643.03	99.890
643.28	99.875
643.54	99.718
643.80	100.042
644.06	99.952
644.31	100.026
644.57	99.941
644.83	99.850
645.08	99.987
645.34	100.012
645.60	99.975
645.85	100.117
646.11	100.030
646.37	99.767
646.62	99.916
646.88	99.976
647.14	99.982
647.39	99.813
647.65	99.759
647.91	99.956
648.16	99.978
648.42	100.055
648.68	99.830
648.93	99.921
649.19	99.776
649.45	99.873
649.70	100.015
649.96	99.706
650.22	99.973
650.47	99.993
650.73	99.858
650.99	100.001
651.24	100.007
651.50	100.139
651.76	100.234
652.01	99.977
652.27	100.071
652.53	100.173
652.78	99.961
653.04	99.819
653.30	99.701
653.55	99.848
653.81	99.905
654.07	99.854
654.32	99.866
654.58	100.016
654.84	100.141
655.09	100.079
655.35	99.909
655.61	99.987
655.86	99.914
656.12	99.843
656.38	99.757
656.63	99.855
656.89	99.882
657.14	99.909
657.40	99.889
657.66	99.909
657.91	99.810
658.17	99.920
658.43	99.993
658.68	99.996
658.94	99.805
659.20	99.843
659.45	99.670
659.71	99.749
659.96	99.804
660.22	99.589
660.48	99.814
660.73	100.036
660.99	99.848
661.25	99.809
661.50	99.895
661.76	100.112
662.01	99.936
662.27	99.928
662.53	99.820
662.78	99.836
663.04	100.108
663.30	100.074
663.55	99.986
663.81	99.823
664.06	99.803
664.32	99.741
664.58	99.932
664.83	99.886
665.09	99.907
665.35	100.065
665.60	99.822
665.86	99.829
666.11	99.889
666.37	99.879
666.63	99.864
666.88	99.997
667.14	100.090
667.39	99.879
667.65	99.968
667.91	100.122
668.16	99.956
668.42	99.753
668.67	99.882
668.93	100.098
669.19	100.043
669.44	99.971
669.70	99.915
669.95	99.803
670.21	99.843
670.47	99.821
670.72	99.784
670.98	100.024
671.23	100.032
671.49	99.919
671.75	99.854
672.00	99.924
672.26	99.903
672.51	99.999
672.77	99.969
673.03	99.792
673.28	99.803
673.54	99.909
673.79	100.069
674.05	99.885
674.30	99.883
674.56	99.904
674.82	99.739
675.07	99.834
675.33	99.834
675.58	99.664
675.84	99.934
676.09	99.896
676.35	99.725
676.61	99.875
676.86	99.798
677.12	99.757
677.37	99.805
677.63	99.923
677.88	100.008
678.14	100.117
678.40	99.864
678.65	99.884
678.91	99.780
679.16	99.681
679.42	99.709
679.67	99.732
679.93	99.943
680.19	99.789
680.44	99.697
680.70	99.704
680.95	99.844
681.21	99.891
681.46	99.768
681.72	99.863
681.97	100.171
682.23	100.070
682.49	99.996
682.74	100.197
683.00	100.050
683.25	100.009
683.51	99.966
683.76	99.886
684.02	99.952
684.27	99.914
684.53	99.810
684.78	99.886
685.04	99.901
685.30	99.789
685.55	99.715
685.81	99.883
686.06	99.877
686.32	99.776
686.57	99.730
686.83	99.895
687.08	100.014
687.34	100.009
687.59	99.881
687.85	99.699
688.10	99.851
688.36	99.644
688.62	99.739
688.87	99.849
689.13	99.905
689.38	99.865
689.64	99.716
689.89	99.812
690.15	99.928
690.40	99.859
690.66	99.837
690.91	100.031
691.17	99.950
691.42	100.009
691.68	99.980
691.93	99.992
692.19	100.017
692.44	99.956
692.70	99.901
692.95	100.195
693.21	100.036
693.46	100.025
693.72	99.948
693.97	99.793
694.23	99.947
694.49	100.001
694.74	99.824
695.00	99.741
695.25	99.784
695.51	99.860
695.76	99.958
696.02	99.895
696.27	99.800
696.53	99.936
696.78	99.763
697.04	99.836
697.29	99.829
697.55	99.802
697.80	99.881
698.06	99.961
698.31	99.957
698.57	99.952
698.82	99.951
699.08	99.990
699.33	99.996
699.59	99.904
699.84	100.035
700.09	99.903
700.35	99.823
700.60	99.813
700.86	99.629
701.11	99.619
701.37	99.958
701.62	99.993
701.88	100.196
702.13	100.015
702.39	99.678
702.64	99.744
702.90	100.062
703.15	99.880
703.41	99.898
703.66	99.886
703.92	99.929
704.17	100.014
704.43	99.781
704.68	99.853
704.94	99.732
705.19	99.785
705.45	99.942
705.70	100.149
705.95	100.056
706.21	99.912
706.46	99.793
706.72	99.993
706.97	100.043
707.23	99.928
707.48	99.962
707.74	100.046
707.99	99.823
708.25	99.895
708.50	99.848
708.76	100.046
709.01	99.907
709.27	99.757
709.52	99.944
709.77	99.945
710.03	99.879
710.28	99.789
710.54	100.118
710.79	99.970
711.05	99.914
711.30	100.024
711.56	99.901
711.81	99.794
712.06	99.943
712.32	99.913
712.57	100.003
712.83	99.909
713.08	99.759
713.34	99.961
713.59	99.946
713.85	99.946
714.10	99.920
714.35	99.889
714.61	99.906
714.86	100.142
715.12	100.029
715.37	99.835
715.63	99.871
715.88	99.841
716.13	99.887
716.39	99.783
716.64	99.870
716.90	100.163
717.15	100.138
717.41	100.034
717.66	99.868
717.91	99.836
718.17	99.803
718.42	99.910
718.68	99.929
718.93	99.991
719.19	100.196
719.44	100.070
719.69	99.897
719.95	99.928
720.20	99.635
720.46	99.575
720.71	99.668
720.97	99.868
721.22	99.862
721.47	99.712
721.73	99.841
721.98	100.015
722.24	100.130
722.49	100.193
722.74	100.158
723.00	99.884
723.25	99.799
723.51	99.846
723.76	99.970
724.01	99.789
724.27	99.944
724.52	99.736
724.78	99.886
725.03	99.911
725.28	99.714
725.54	99.780
725.79	99.904
726.05	99.979
726.30	99.926
726.55	100.073
726.81	99.968
727.06	99.712
727.32	99.683
727.57	99.770
727.82	99.806
728.08	99.688
728.33	99.734
728.59	99.847
728.84	99.908
729.09	99.817
729.35	99.569
729.60	99.581
729.85	99.884
730.11	99.996
730.36	99.886
730.62	99.973
730.87	100.038
731.12	99.966
731.38	99.890
731.63	99.810
731.88	99.738
732.14	100.019
732.39	99.992
732.65	99.739
732.90	99.708
733.15	99.667
733.41	99.780
733.66	99.824
733.91	99.899
734.17	99.740
734.42	100.048
734.68	100.131
734.93	100.140
735.18	100.220
735.44	99.990
735.69	99.988
735.94	99.878
736.20	99.790
736.45	99.652
736.70	99.575
736.96	99.863
737.21	100.098
737.46	99.940
737.72	100.084
737.97	100.089
738.23	100.096
738.48	100.114
738.73	100.017
738.99	99.917
739.24	99.971
739.49	100.063
739.75	100.049
740.00	99.849
740.25	99.680
740.51	99.903
740.76	100.127
741.01	99.955
741.27	99.864
741.52	99.911
741.77	99.917
742.03	99.843
742.28	100.012
742.53	100.039
742.79	99.963
743.04	99.862
743.29	99.917
743.55	99.844
743.80	99.900
744.05	100.060
744.31	100.224
744.56	100.037
744.81	99.871
745.07	99.959
745.32	100.051
745.57	100.074
745.83	100.029
746.08	100.065
746.33	99.809
746.59	99.545
746.84	99.866
747.09	99.729
747.35	99.831
747.60	99.619
747.85	99.601
748.10	99.774
748.36	99.990
748.61	99.971
748.86	99.953
749.12	99.951
749.37	99.855
749.62	99.781
749.88	99.804
750.13	99.880
750.38	99.834
750.64	99.905
750.89	99.981
751.14	99.907
751.39	100.277
751.65	99.989
751.90	99.842
752.15	99.875
752.41	99.870
752.66	99.975
752.91	99.925
753.17	99.822
753.42	99.959
753.67	99.851
753.92	99.972
754.18	99.879
754.43	100.063
754.68	100.018
754.94	100.035
755.19	100.107
755.44	99.927
755.69	99.852
755.95	99.773
756.20	99.718
756.45	99.887
756.71	100.077
756.96	100.028
757.21	99.845
757.46	99.956
757.72	100.124
757.97	99.862
758.22	99.660
758.48	100.015
758.73	100.024
758.98	99.900
759.23	99.888
759.49	99.961
759.74	100.052
759.99	100.051
760.25	99.912
760.50	99.895
760.75	99.793
761.00	99.614
761.26	99.923
761.51	100.101
761.76	100.097
762.01	99.882
762.27	99.991
762.52	99.989
762.77	100.102
763.02	100.042
763.28	99.752
763.53	99.810
763.78	100.069
764.03	100.115
764.29	99.997
764.54	99.829
764.79	99.757
765.04	99.734
765.30	99.592
765.55	99.903
765.80	100.085
766.05	100.267
766.31	99.944
766.56	99.774
766.81	99.842
767.06	99.778
767.32	100.021
767.57	99.971
767.82	99.880
768.07	99.863
768.33	99.938
768.58	99.916
768.83	99.892
769.08	99.840
769.34	99.829
769.59	100.284
769.84	100.223
770.09	99.925
770.35	99.844
770.60	100.087
770.85	100.051
771.10	99.998
771.35	100.054
771.61	100.107
771.86	99.994
772.11	100.141
772.36	99.977
772.62	99.916
772.87	99.896
773.12	99.789
773.37	99.928
773.62	99.972
773.88	99.794
774.13	99.660
774.38	99.953
774.63	100.061
774.89	99.976
775.14	99.780
775.39	99.552
775.64	99.623
775.89	100.032
776.15	99.987
776.40	99.926
776.65	99.462
776.90	99.482
777.15	99.849
777.41	99.872
777.66	99.868
777.91	100.134
778.16	100.049
778.41	99.851
778.67	99.951
778.92	99.762
779.17	99.885
779.42	99.764
779.67	99.807
779.93	99.617
780.18	99.842
780.43	99.821
780.68	99.781
780.93	99.979
781.19	100.129
781.44	99.867
781.69	99.829
781.94	100.053
782.19	100.311
782.45	100.393
782.70	100.181
782.95	99.820
783.20	99.962
783.45	99.963
783.70	99.816
783.96	99.907
784.21	99.731
784.46	99.989
784.71	100.342
784.96	99.819
785.22	99.580
785.47	99.784
785.72	99.777
785.97	99.945
786.22	99.937
786.47	99.948
786.73	99.866
786.98	99.856
787.23	99.616
787.48	99.751
787.73	99.864
787.98	100.057
788.24	100.100
788.49	99.974
788.74	99.906
788.99	99.993
789.24	99.788
789.49	99.732
789.75	99.843
790.00	99.893
790.25	100.095
790.50	99.935
790.75	99.903
791.00	99.847
791.26	99.592
791.51	99.762
791.76	100.146
792.01	99.941
792.26	99.940
792.51	100.008
792.76	99.982
793.02	99.925
793.27	99.702
793.52	99.575
793.77	99.600
794.02	99.636
794.27	99.651
794.52	99.824
794.78	99.965
795.03	100.029
795.28	99.895
795.53	99.683
795.78	99.669
796.03	100.157
796.28	100.263
796.54	100.027
796.79	99.796
797.04	99.914
797.29	99.704
797.54	99.958
797.79	100.092
798.04	100.010
798.29	100.100
798.55	100.048
798.80	100.169
799.05	100.052
799.30	99.781
799.55	99.914
799.80	99.964
800.05	99.967
800.30	99.979
800.56	99.887
800.81	99.891
801.06	99.860
801.31	100.019
801.56	99.917
801.81	99.919
802.06	99.794
802.31	99.864
802.56	99.861
802.82	99.981
803.07	99.894
803.32	100.001
803.57	100.092
803.82	99.778
804.07	99.821
804.32	100.094
804.57	100.261
804.82	100.164
805.07	100.012
805.33	99.908
805.58	99.846
805.83	100.078
806.08	100.164
806.33	100.175
806.58	100.144
806.83	100.218
807.08	100.087
807.33	99.845
807.58	99.829
807.84	99.957
808.09	99.778
808.34	99.860
808.59	99.672
808.84	99.914
809.09	100.094
809.34	99.944
809.59	100.001
809.84	100.008
810.09	99.911
810.34	99.806
810.59	99.918
810.85	99.830
811.10	100.029
811.35	99.982
811.60	99.870
811.85	99.792
812.10	99.599
812.35	99.668
812.60	99.982
812.85	99.972
813.10	100.046
813.35	99.884
813.60	99.841
813.85	99.962
814.10	99.979
814.36	99.874
814.61	99.804
814.86	99.623
815.11	99.835
815.36	99.813
815.61	99.837
815.86	99.900
816.11	99.892
816.36	100.064
816.61	99.811
816.86	99.844
817.11	100.106
817.36	99.896
817.61	99.762
817.86	99.976
818.11	99.939
818.36	99.924
818.62	99.928
818.87	100.075
819.12	99.878
819.37	99.843
819.62	99.755
819.87	99.976
820.12	100.284
820.37	100.219
820.62	99.781
820.87	99.724
821.12	99.931
821.37	99.862
821.62	99.881
821.87	100.069
822.12	100.020
822.37	99.972
822.62	100.016
822.87	99.905
823.12	99.618
823.37	99.888
823.62	99.994
823.87	99.915
824.12	99.623
824.37	99.595
824.62	99.976
824.87	100.025
825.12	99.919
825.37	99.874
825.63	99.890
825.88	99.620
826.13	99.736
826.38	99.675
826.63	99.788
826.88	100.005
827.13	100.123
827.38	99.864
827.63	99.803
827.88	99.974
828.13	99.984
828.38	100.295
828.63	100.188
828.88	100.102
829.13	100.301
829.38	99.979
829.63	99.951
829.88	100.031
830.13	99.950
830.38	99.781
830.63	100.127
830.88	100.097
831.13	100.161
831.38	100.210
831.63	100.258
831.88	100.022
832.13	99.906
832.38	100.003
832.63	100.517
832.88	99.693
833.13	99.866
833.38	100.044
833.63	100.126
833.88	99.807
834.13	99.976
834.38	100.164
834.63	100.002
834.88	99.962
835.13	100.298
835.38	99.990
835.63	99.684
835.88	99.998
836.13	100.116
836.38	99.917
836.63	100.014
836.88	99.891
837.12	99.341
837.37	99.779
837.62	99.722
837.87	99.742
838.12	100.169
838.37	100.150
838.62	100.032
838.87	100.102
839.12	100.211
839.37	100.116
839.62	100.165
839.87	99.906
840.12	99.604
840.37	99.775
840.62	99.985
840.87	99.847
841.12	99.971
841.37	100.112
841.62	99.535
841.87	99.414
842.12	99.777
842.37	100.198
842.62	99.996
842.87	99.755
843.12	99.954
843.37	100.157
843.62	100.041
843.87	99.874
844.11	100.028
844.36	100.112
844.61	100.110
844.86	99.798
845.11	100.019
845.36	100.017
845.61	100.087
845.86	100.149
846.11	99.945
846.36	99.921
846.61	100.329
846.86	100.296
847.11	100.396
847.36	100.244
847.61	100.016
847.86	100.010
848.11	100.123
848.35	99.953
848.60	99.663
848.85	99.610
849.10	100.026
849.35	100.103
849.60	99.943
849.85	99.825
850.10	100.122
850.35	100.294
850.60	99.910
850.85	100.046
851.10	100.004
851.35	99.974
851.60	99.859
851.84	99.692
852.09	100.084
852.34	99.957
852.59	99.869
852.84	100.049
853.09	100.281
853.34	100.136
853.59	99.983
853.84	100.307
854.09	99.909
854.34	99.707
854.59	99.877
854.83	100.166
855.08	99.962
855.33	99.487
855.58	99.744
855.83	99.738
856.08	100.256
856.33	100.280
856.58	99.957
856.83	100.041
857.08	100.246
857.32	100.191
857.57	99.757
857.82	99.662
858.07	99.858
858.32	100.281
858.57	100.188
858.82	99.640
859.07	99.673
859.32	100.020
859.56	100.266
859.81	100.272
860.06	100.170
860.31	100.080
860.56	100.038
860.81	99.542
861.06	99.670
861.31	100.031
861.56	99.915
861.80	99.874
862.05	99.896
862.30	99.767
862.55	99.787
862.80	99.861
863.05	99.843
863.30	100.083
863.55	100.136
863.79	99.717
864.04	99.609
864.29	99.648
864.54	100.019
864.79	99.588
865.04	99.736
865.29	99.754
865.54	99.645
865.78	99.667
866.03	99.874
866.28	99.919
866.53	100.140
866.78	100.073
867.03	99.678
867.28	99.885
867.52	100.253
867.77	99.912
868.02	100.169
868.27	99.902
868.52	100.202
868.77	100.265
869.02	100.119
869.26	99.516
869.51	99.662
869.76	99.734
870.01	99.842
870.26	100.423
870.51	100.074
870.76	99.977
871.00	100.131
871.25	99.912
871.50	99.878
871.75	100.391
872.00	100.403
872.25	100.269
872.49	100.671
872.74	100.050
872.99	100.272
873.24	100.377
873.49	99.906
873.74	99.827
873.98	99.984
874.23	100.310
874.48	100.475
874.73	100.235
874.98	100.047
875.23	99.747
875.47	99.621
875.72	99.717
875.97	99.346
876.22	99.734
876.47	100.088
876.72	100.463
876.96	100.617
877.21	100.349
877.46	99.566
877.71	99.307
877.96	99.962
878.20	99.915
878.45	99.638
878.70	99.834
878.95	99.962
879.20	99.880
879.45	99.721
879.69	100.056
879.94	100.098
880.19	99.754
880.44	100.110
880.69	100.245
880.93	100.060
881.18	99.791
881.43	99.617
881.68	99.303
881.93	99.892
882.17	100.115
882.42	99.901
882.67	99.767
882.92	99.839
883.17	99.951
883.41	99.799
883.66	100.021
883.91	100.052
884.16	99.893
884.41	99.886
884.65	99.910
884.90	100.062
885.15	99.950
885.40	100.180
885.64	99.720
885.89	99.882
886.14	99.875
886.39	100.163
886.64	99.978
886.88	100.287
887.13	99.817
887.38	99.650
887.63	99.661
887.88	99.920
888.12	100.243
888.37	100.361
888.62	100.177
888.87	100.596
889.11	100.334
889.36	100.292
889.61	100.554
889.86	100.628
890.10	100.443
890.35	99.774
890.60	100.148
890.85	99.849
891.10	99.705
891.34	99.622
891.59	99.801
891.84	99.904
892.09	99.800
892.33	99.916
892.58	99.739
892.83	99.540
893.08	99.976
893.32	100.024
893.57	99.633
893.82	99.352
894.07	99.658
894.31	99.835
894.56	99.690
894.81	99.799
895.06	99.612
895.30	99.475
895.55	99.779
895.80	99.878
896.05	100.032
896.29	100.357
896.54	100.382
896.79	100.260
897.04	100.246
897.28	99.928
897.53	99.517
897.78	99.807
898.03	99.657
898.27	99.743
898.52	99.953
898.77	100.396
899.01	99.971
899.26	99.919
899.51	100.244
899.76	99.490
900.00	99.844
900.25	100.060
900.50	99.824
900.75	99.762
900.99	99.879
901.24	100.125
901.49	100.362
901.73	100.237
901.98	100.231
902.23	99.992
902.48	99.527
902.72	99.803
902.97	99.499
903.22	100.098
903.47	99.918
903.71	100.169
903.96	99.988
904.21	99.498
904.45	99.258
904.70	99.569
904.95	100.048
905.20	100.181
905.44	100.158
905.69	100.000
905.94	99.614
906.18	99.540
906.43	99.592
906.68	99.368
906.92	99.374
907.17	99.686
907.42	99.813
907.67	99.896
907.91	99.987
908.16	99.712
908.41	99.920
908.65	99.768
908.90	99.559
909.15	100.115
909.39	100.401
909.64	100.539
909.89	99.788
910.13	99.983
910.38	99.921
910.63	99.877
910.88	100.494
911.12	100.754
911.37	100.111
911.62	100.125
911.86	100.072
912.11	100.229
912.36	99.918
912.60	99.538
912.85	100.000
913.10	99.683
913.34	99.505
913.59	100.240
913.84	99.944
914.08	100.121
914.33	100.070
914.58	99.732
914.82	99.511
915.07	100.095
915.32	100.297
915.56	99.894
915.81	100.420
916.06	100.232
916.30	100.405
916.55	100.704
916.80	100.665
917.04	100.533
917.29	99.592
917.54	99.965
917.78	99.960
918.03	99.959
918.28	100.139
918.52	100.249
918.77	99.710
919.02	99.896
919.26	100.310
919.51	100.137
919.76	99.899
920.00	99.703
920.25	100.193
920.49	100.385
920.74	100.093
920.99	99.799
921.23	99.298
921.48	100.056
921.73	100.262
921.97	99.944
922.22	99.475
922.47	99.394
922.71	100.125
922.96	99.721
923.21	100.040
923.45	100.385
923.70	99.866
923.94	100.340
924.19	99.894
924.44	99.793
924.68	99.815
924.93	99.660
925.18	99.807
925.42	99.722
925.67	99.570
925.91	100.348
926.16	100.142
926.41	99.827
926.65	100.307
926.90	99.600
927.15	99.755
927.39	99.528
927.64	99.968
927.88	99.613
928.13	99.859
928.38	99.962
928.62	99.664
928.87	100.091
929.11	99.941
929.36	99.425
929.61	99.605
929.85	99.366
930.10	99.773
930.34	100.651
930.59	99.600
930.84	99.613
931.08	99.269
931.33	99.604
931.57	100.316
931.82	100.610
932.07	100.573
932.31	99.412
932.56	99.797
932.80	100.235
933.05	100.456
933.30	100.402
933.54	100.624
933.79	99.868
934.03	99.211
934.28	99.442
934.53	100.391
934.77	100.856
935.02	100.130
935.26	99.067
935.51	98.852
935.76	99.653
936.00	99.971
936.25	99.707
936.49	99.626
936.74	99.558
936.98	99.270
937.23	99.563
937.48	101.666
937.72	100.447
937.97	99.460
938.21	98.699
938.46	99.276
938.70	99.042
938.95	99.284
939.20	99.385
939.44	100.430
939.69	100.638
939.93	99.430
940.18	99.757
940.42	100.485
940.67	99.927
940.92	98.712
941.16	99.042
941.41	99.863
941.65	98.503
941.90	100.348
942.14	101.199
942.39	101.511
942.63	99.935
942.88	99.567
943.13	99.303
943.37	99.673
943.62	99.846
943.86	99.978
944.11	100.740
944.35	100.226
944.60	100.271
944.84	100.000
945.09	100.401
945.34	98.878
945.58	99.134
945.83	100.221
946.07	101.917
946.32	101.469
946.56	98.823
946.81	99.143
947.05	100.766
947.30	99.832
947.54	99.294
947.79	101.311
948.03	102.434
948.28	100.224
948.53	97.927
948.77	99.422
949.02	100.457
949.26	100.547
949.51	99.211
949.75	99.468
950.00	100.076
950.24	99.268
950.49	99.167
950.73	99.926
950.98	101.043
951.22	101.302
951.47	99.628
951.71	99.824
951.96	100.894
952.20	100.680
952.45	100.086
952.69	100.876
952.94	99.949
953.18	99.378
953.43	99.715
953.67	99.587
953.92	99.803
954.16	100.504
954.41	100.909
954.65	100.255
954.90	99.905
955.14	100.300
955.39	99.327
955.63	99.736
955.88	99.877
956.12	99.389
956.37	99.228
956.61	100.647
956.86	101.493
957.10	99.566
957.35	100.359
957.59	100.178
957.84	100.784
958.08	100.221
958.33	100.308
958.57	100.303
958.82	100.361
959.06	99.739
959.31	100.550
959.55	100.520
959.80	100.172
960.04	99.986
960.29	100.526
960.53	99.520
960.78	99.393
961.02	99.437
961.27	99.533
961.51	100.254
961.76	100.028
962.00	100.606
962.25	100.781
962.49	100.749
962.74	100.267
962.98	100.502
963.23	101.187
963.47	101.280
963.71	100.853
963.96	100.645
964.20	100.774
964.45	100.014
964.69	100.732
964.94	100.737
965.18	98.624
965.43	98.642
965.67	100.295
965.92	100.196
966.16	99.903
966.41	100.573
966.65	100.464
966.89	100.724
967.14	101.047
967.38	100.253
967.63	100.338
967.87	100.098
968.12	99.874
968.36	99.830
968.61	100.687
968.85	100.100
969.10	100.284
969.34	99.986
969.58	99.071
969.83	101.165
970.07	100.444
970.32	99.114
970.56	99.124
970.81	99.785
971.05	99.486
971.29	99.554
971.54	99.884
971.78	100.087
972.03	99.783
972.27	99.480
972.52	99.509
972.76	100.892
973.00	100.205
973.25	98.570
973.49	99.151
973.74	100.088
973.98	99.515
974.23	101.010
974.47	101.094
974.71	100.483
974.96	99.716
975.20	100.867
975.45	101.366
975.69	100.559
975.94	101.086
976.18	101.289
976.42	100.431
976.67	100.384
976.91	102.509
977.16	101.913
977.40	101.255
977.64	101.410
977.89	101.094
978.13	100.942
978.38	99.718
978.62	99.354
978.86	100.096
979.11	100.821
979.35	99.920
979.60	100.226
979.84	100.305
980.08	99.374
980.33	100.243
980.57	100.682
980.82	100.690
981.06	100.082
981.30	100.231
981.55	100.149
981.79	101.205
982.04	101.053
982.28	101.716
982.52	101.462
982.77	100.997
983.01	99.729
983.26	99.780
983.50	100.992
983.74	100.659
983.99	98.862
984.23	99.432
984.48	99.343
984.72	100.210
984.96	99.563
985.21	99.544
985.45	99.930
985.69	100.018
985.94	100.540
986.18	100.988
986.43	100.518
986.67	100.145
986.91	100.293
987.16	100.699
987.40	100.460
987.64	100.819
987.89	99.869
988.13	100.037
988.37	100.298
988.62	99.186
988.86	99.793
989.11	100.435
989.35	100.266
989.59	100.077
989.84	99.709
990.08	100.806
990.32	99.590
990.57	99.588
990.81	100.119
991.05	99.367
991.30	100.420
991.54	100.282
991.78	100.741
992.03	99.177
992.27	100.225
992.51	100.862
992.76	100.761
993.00	101.205
993.25	99.137
993.49	99.525
993.73	99.093
993.98	99.832
994.22	99.028
994.46	100.085
994.71	98.662
994.95	99.700
995.19	100.388
995.44	100.916
995.68	100.263
995.92	99.783
996.17	100.531
996.41	100.553
996.65	98.089
996.90	99.456
997.14	99.706
997.38	100.776
997.63	99.745
997.87	99.490
998.11	100.464
998.36	100.499
998.60	100.902
998.84	99.221
999.08	98.446
999.33	100.892
999.57	103.663
999.81	102.127
1000.06	102.241
1000.30	100.807
1000.54	99.280
1000.79	98.136
1001.03	100.123
1001.27	100.572
1001.52	99.728
1001.76	100.172
1002.00	100.444
1002.25	100.395
1002.49	100.125
1002.73	99.627
1002.97	100.273
1003.22	100.995
1003.46	100.424
1003.70	100.479
1003.95	100.304
1004.19	100.201
1004.43	98.854
1004.68	98.253
1004.92	98.591
1005.16	97.801
1005.40	99.111
1005.65	99.516
1005.89	99.727
1006.13	97.799
1006.38	97.914
1006.62	99.621
1006.86	98.307
1007.10	99.117
1007.35	99.700
1007.59	100.733
1007.83	100.863
1008.08	100.302
1008.32	100.983
1008.56	99.702
1008.80	100.100
1009.05	101.291
1009.29	102.464
1009.53	99.186
1009.77	99.376
1010.02	99.950
1010.26	100.297
1010.50	100.050
1010.75	101.507
1010.99	101.564
1011.23	99.421
1011.47	100.661
1011.72	98.091
1011.96	97.658
1012.20	99.269
1012.44	99.444
1012.69	99.644
1012.93	98.909
1013.17	99.332
1013.41	101.834
1013.66	99.380
1013.90	98.090
1014.14	99.058
1014.38	97.799
1014.63	99.079
1014.87	100.400
1015.11	100.376
1015.35	98.210
1015.60	98.411
1015.84	100.247
1016.08	98.370
1016.32	100.000
1016.57	97.954
1016.81	99.161
1017.05	100.347
1017.29	99.854
1017.54	100.988
1017.78	100.968
1018.02	98.914
1018.26	99.852
1018.51	98.750
1018.75	99.881
1018.99	96.880
1019.23	98.750
1019.48	98.326
1019.72	97.975
1019.96	97.710
1020.20	98.110
1020.44	100.226
1020.69	102.144
1020.93	99.464
1021.17	100.197
1021.41	101.748
1021.66	99.500
1021.90	100.308
1022.14	99.515
1022.38	100.451
1022.62	101.048
1022.87	99.331
1023.11	97.908
1023.35	99.200
1023.59	100.258
1023.84	99.594
1024.08	101.022
1024.32	103.528
1024.56	101.010
1024.80	100.115
1025.05	99.845
1025.29	99.066
1025.53	101.056
1025.77	101.096
1026.01	100.318
1026.26	99.840
1026.50	99.087
1026.74	98.897
1026.98	101.557
1027.22	102.059
1027.47	99.500
1027.71	100.042
1027.95	97.801
1028.19	98.109
1028.43	99.730
1028.68	97.547
1028.92	100.569
1029.16	99.409
1029.40	98.264
1029.64	97.968
1029.89	98.466
1030.13	99.159
1030.37	98.797
1030.61	101.148
1030.85	100.969
1031.09	97.815
1031.34	97.827
1031.58	98.048
1031.82	100.245
1032.06	100.351
1032.30	101.582
1032.55	97.924
1032.79	95.457
1033.03	96.957
1033.27	96.704
1033.51	99.432
1033.75	98.953
1034.00	101.875
1034.24	99.578
1034.48	99.622
1034.72	100.923
1034.96	101.544
1035.20	103.000
1035.45	102.654
1035.69	101.481
1035.93	102.558
1036.17	104.133
1036.41	99.777
1036.65	100.598
1036.89	103.331
1037.14	101.968
1037.38	100.518
1037.62	97.913
1037.86	98.054
1038.10	99.633
1038.34	100.489
1038.59	104.283
1038.83	104.143
1039.07	100.316
1039.31	102.945
1039.55	99.172
1039.79	102.059
1040.03	101.811
1040.28	100.922
1040.52	103.669
1040.76	99.073
1041.00	102.029
1041.24	96.255
1041.48	98.018
1041.72	100.636
1041.97	101.450
1042.21	99.656
1042.45	98.681
1042.69	98.773
1042.93	102.855
1043.17	102.864
1043.41	99.216
1043.65	94.692
1043.90	99.281
1044.14	100.078
1044.38	100.000
1044.62	102.872
1044.86	100.683
1045.10	97.344
1045.34	98.402
1045.58	93.472
1045.83	96.729
1046.07	99.297
1046.31	103.016
1046.55	98.312
1046.79	101.104
1047.03	98.061
1047.27	93.930
1047.51	94.630
1047.75	102.178
1048.00	103.976
1048.24	103.757
1048.48	99.426
1048.72	96.382
1048.96	100.928
1049.20	101.911
1049.44	96.631
1049.68	97.604
1049.92	99.913
1050.16	98.625
1050.41	104.898
1050.65	103.099
1050.89	98.723
1051.13	94.475
1051.37	92.924
1051.61	98.728
1051.85	98.544
1052.09	94.635
1052.33	99.809
1052.57	98.295
1052.81	102.468
1053.06	97.955
1053.30	101.052
1053.54	99.502
1053.78	95.989
1054.02	98.885
1054.26	98.896
1054.50	97.822
1054.74	99.901
1054.98	97.047
1055.22	97.794
1055.46	100.662
1055.70	103.788
1055.94	98.290
1056.19	98.257
1056.43	102.384
1056.67	96.659
1056.91	95.043
1057.15	101.236
1057.39	98.711
1057.63	99.196
1057.87	101.512
1058.11	100.573
1058.35	101.934
1058.59	104.954
1058.83	105.910
1059.07	103.941
1059.31	103.001
1059.55	96.620
1059.79	92.929
1060.04	91.325
1060.28	97.304
1060.52	104.343
1060.76	105.357
1061.00	100.760
1061.24	98.065
1061.48	99.249
1061.72	90.854
1061.96	95.213
1062.20	98.344
1062.44	92.723
1062.68	91.360
1062.92	96.846
1063.16	100.784
1063.40	105.166
1063.64	105.819
1063.88	100.431
1064.12	97.545
1064.36	99.185
1064.60	98.331
1064.84	106.414
1065.08	105.556
1065.32	99.397
1065.57	103.276
1065.81	101.065
1066.05	102.381
1066.29	95.870
1066.53	89.021
1066.77	95.639
1067.01	95.659
1067.25	100.000
1067.49	102.660
1067.73	100.990
1067.97	97.222
1068.21	96.661
1068.45	99.676
1068.69	96.242
1068.93	100.171
1069.17	102.664
1069.41	99.329
1069.65	102.113
1069.89	108.000
1070.13	119.231
1070.37	96.780
1070.61	96.147
1070.85	99.610
1071.09	97.307
1071.33	100.530
1071.57	100.574
1071.81	107.414
1072.05	103.208
1072.29	100.000
1072.53	109.013
1072.77	99.804
1073.01	97.670
1073.25	99.192
1073.49	101.883
1073.73	109.607
1073.97	113.501
1074.21	98.413
1074.45	104.743
1074.69	100.417
1074.93	92.570
1075.17	108.263
1075.41	91.876
1075.65	96.768
1075.89	100.667
1076.13	106.863
1076.37	103.394
1076.61	107.463
1076.85	111.611
1077.09	94.945
1077.33	99.149
1077.57	88.610
1077.81	108.226
1078.05	101.205
1078.29	101.282
1078.53	109.756
1078.77	97.931
1079.01	105.459
1079.24	115.385
1079.48	98.300
1079.72	104.469
1079.96	105.053
1080.20	106.702
1080.44	98.263
1080.68	90.080
1080.92	94.136
1081.16	97.015
1081.40	91.421
1081.64	86.216
1081.88	99.231
1082.12	98.391
1082.36	112.232
1082.60	102.360
1082.84	96.084
1083.08	104.651
1083.32	121.603
1083.56	106.329
1083.80	91.195
1084.04	102.894
1084.28	102.303
1084.52	135.556
1084.75	115.234
1084.99	108.503
1085.23	108.042
1085.47	97.527
1085.71	103.922
1085.95	84.164
1086.19	104.138
1086.43	90.681
1086.67	92.086
1086.91	101.748
1087.15	114.463
1087.39	110.300
1087.63	97.034
1087.87	94.340
1088.11	108.571
1088.35	98.765
1088.58	102.597
1088.82	81.443
1089.06	97.931
1089.30	94.425
1089.54	81.513
1089.78	106.618
1090.02	92.025
1090.26	96.460
1090.50	89.076
1090.74	73.529
1090.98	82.576
1091.22	104.484
1091.46	98.558
1091.69	114.423
1091.93	138.503
1092.17	138.122
1092.41	133.831
1092.65	120.561
1092.89	126.961
1093.13	131.034
1093.37	123.973
1093.61	83.060
1093.85	92.268
1094.09	118.548
1094.32	97.409
1094.56	80.526
1094.80	90.058
1095.04	85.890
1095.28	124.837
1095.52	137.179
1095.76	73.950
1096.00	90.667
1096.24	119.835
1096.47	120.455
1096.71	81.461
1096.95	100.714
1097.19	95.597
1097.43	101.070
1097.67	111.613
1097.91	84.153
1098.15	119.531
1098.39	76.111
1098.62	77.632
1098.86	93.377
1099.10	83.673
1099.34	97.321
1099.58	93.798
1099.82	100.000
1100.06	100.000
1100.30	95.480
1100.53	84.000
1100.77	86.232
1101.01	121.739
1101.25	104.587
1101.49	156.034
1101.73	122.115
1101.97	129.213
1102.21	97.980
1102.44	70.455
1102.68	56.557
1102.92	119.481
1103.16	104.098
1103.40	124.752
1103.64	118.667
1103.88	76.364
1104.11	59.140
1104.35	103.261
1104.59	160.656
1104.83	57.778
1105.07	158.182
1105.31	230.000
1105.55	69.767
1105.78	68.367
1106.02	81.522
1106.26	170.000
1106.50	79.365
1106.74	56.522
1106.98	77.600
1107.22	15.556
1107.45	190.000
1107.69	195.238
1107.93	97.872
1108.17	-100.000
1108.41	79.070
1108.65	0.000
1108.88	192.982
1109.12	145.946
1109.36	138.235
1109.60	138.000
1109.84	33.333
1110.08	53.846
1110.31	131.579
1110.55	109.091
1110.79	65.672
1111.03	106.897
1111.27	65.116
1111.51	87.000
1111.74	46.053
1111.98	-30.000
1112.22	-1433.333
1112.46	200.000
1112.70	-247.368
1112.93	-3200.000
1113.17	-171.429
1113.41	-147.826
1113.65	26.471
1113.89	10.256
1114.13	-2200.000
1114.36	75.000
1114.60	94.286
1114.84	72.000
1115.08	27.273
1115.32	-240.000
1115.55	35.000
1115.79	14.286
1116.03	49.231
1116.27	-58.824
1116.51	-4.762
1116.74	84.375
1116.98	108.654
1117.22	80.952
1117.46	54.902
1117.70	80.952
1117.93	98.113
1118.17	90.566
1118.41	-87.500
1118.65	-38.095
1118.89	-58.491
1119.12	-750.000
1119.36	-137.500
1119.60	16.981
1119.84	124.561
1120.07	85.000
1120.31	19.697
1120.55	56.757
1120.79	180.952
1121.03	-150.000
1121.26	-150.000
1121.50	-112.000
1121.74	137.500
1121.98	20.000
1122.21	20.588
1122.45	102.174
1122.69	100.000
1122.93	157.143
1123.17	130.000
1123.40	-68.750
1123.64	51.852
1123.88	2000.000
1124.12	40.000
1124.35	241.667
1124.59	-62.963
1124.83	138.462
1125.07	38.095
1125.30	-4000.000
1125.54	290.476
1125.78	355.556
1126.02	-4.167
