195.27	223.214
195.55	223.214
195.82	223.214
196.09	112.500
196.36	-205.556
196.63	-300.000
196.90	120.000
197.17	63.158
197.44	150.000
197.71	491.667
197.98	-950.000
198.25	-2800.000
198.52	218.750
198.79	240.000
199.06	75.000
199.33	-36.000
199.60	28.261
199.87	-142.857
200.14	252.381
200.42	-44.118
200.69	86.885
200.96	450.000
201.23	-2.500
201.50	64.912
201.77	-37.500
202.04	150.000
202.31	164.706
202.58	109.091
202.85	104.444
203.12	24.000
203.39	0.000
203.66	48.077
203.93	130.769
204.20	118.605
204.47	22.727
204.74	150.000
205.01	166.667
205.28	25.000
205.55	700.000
205.82	245.161
206.09	48.889
206.36	22.449
206.63	13.433
206.90	23.636
207.17	39.024
207.45	129.412
207.72	21.277
207.99	33.766
208.26	125.000
208.53	37.500
208.80	71.429
209.07	-14.815
209.34	31.915
209.61	-3.704
209.88	64.078
210.15	42.105
210.42	-15.385
210.69	40.000
210.96	38.235
211.23	177.419
211.50	65.217
211.77	-10.638
212.04	75.000
212.31	-45.833
212.58	-62.500
212.85	32.927
213.12	29.870
213.39	16.393
213.66	73.913
213.93	35.000
214.20	-123.810
214.47	-285.714
214.74	-116.216
215.01	25.333
215.28	-366.667
215.55	28.125
215.82	35.443
216.09	-3.226
216.36	104.762
216.63	88.889
216.90	22.000
217.17	129.825
217.44	36.434
217.71	21.348
217.98	37.681
218.25	60.000
218.52	79.310
218.79	62.393
219.06	51.724
219.33	-104.762
219.60	89.286
219.87	56.667
220.14	85.484
220.41	105.063
220.68	92.208
220.95	86.747
221.22	-51.724
221.49	31.818
221.76	36.667
222.03	184.615
222.30	106.977
222.57	54.878
222.84	-2.174
223.11	81.538
223.38	52.688
223.65	54.688
223.92	70.000
224.19	102.410
224.46	98.936
224.73	56.364
225.00	60.606
225.27	184.615
225.54	-400.000
225.81	-100.000
226.08	96.429
226.35	113.158
226.62	-77.273
226.89	-20.253
227.16	-20.000
227.43	151.852
227.70	24.490
227.97	42.667
228.24	35.000
228.51	8.333
228.78	50.667
229.05	11.628
229.32	10.938
229.58	68.000
229.85	50.000
230.12	30.769
230.39	61.345
230.66	53.333
230.93	-16.667
231.20	52.632
231.47	7.018
231.74	0.000
232.01	84.000
232.28	33.333
232.55	600.000
232.82	-308.333
233.09	-6.250
233.36	-23.529
233.63	130.000
233.90	-91.667
234.17	357.143
234.44	57.143
234.71	23.810
234.98	-12.766
235.25	72.727
235.52	92.157
235.79	46.316
236.06	32.911
236.32	61.039
236.59	165.000
236.86	126.984
237.13	64.865
237.40	55.725
237.67	41.463
237.94	71.186
238.21	51.163
238.48	65.909
238.75	19.792
239.02	52.381
239.29	174.074
239.56	121.739
239.83	-7.143
240.10	233.333
240.37	20.000
240.64	-5.882
240.91	1800.000
241.17	-90.909
241.44	12.195
241.71	-350.000
241.98	61.905
242.25	50.000
242.52	57.576
242.79	53.333
243.06	56.923
243.33	139.474
243.60	23.077
243.87	111.864
244.14	55.738
244.41	48.980
244.68	54.098
244.95	-13.115
245.21	-92.857
245.48	66.667
245.75	14.493
246.02	36.000
246.29	44.000
246.56	113.333
246.83	67.391
247.10	51.389
247.37	74.286
247.64	-5.714
247.91	-22.414
248.18	-73.333
248.45	-3.529
248.71	30.000
248.98	107.143
249.25	90.244
249.52	81.053
249.79	10.526
250.06	41.935
250.33	11.765
250.60	-97.143
250.87	15.000
251.14	-68.182
251.41	-55.385
251.68	-45.098
251.94	96.226
252.21	95.238
252.48	-4.167
252.75	-9.091
253.02	47.619
253.29	81.690
253.56	-51.724
253.83	68.000
254.10	75.439
254.37	29.412
254.63	-37.255
254.90	35.870
255.17	67.164
255.44	4.545
255.71	20.833
255.98	15.686
256.25	36.585
256.52	-151.852
256.79	-37.037
257.06	92.453
257.32	29.630
257.59	55.140
257.86	57.317
258.13	73.214
258.40	38.806
258.67	262.500
258.94	16.071
259.21	12.281
259.48	30.508
259.74	23.958
260.01	38.889
260.28	12.500
260.55	363.636
260.82	-42.857
261.09	-23.684
261.36	-285.714
261.63	-105.000
261.89	-22.857
262.16	-4.651
262.43	3.226
262.70	-32.258
262.97	107.692
263.24	-16.667
263.51	-5.714
263.78	-25.610
264.05	-4.819
264.31	13.889
264.58	-29.630
264.85	-40.845
265.12	60.920
265.39	88.372
265.66	-34.146
265.93	8.621
266.19	65.432
266.46	-900.000
266.73	57.143
267.00	61.111
267.27	-23.810
267.54	-48.214
267.81	5.660
268.08	53.846
268.34	62.245
268.61	48.235
268.88	36.792
269.15	-16.901
269.42	-50.000
269.69	2.703
269.96	91.176
270.22	47.826
270.49	68.750
270.76	107.229
271.03	-716.667
271.30	61.842
271.57	195.000
271.84	128.261
272.10	39.189
272.37	0.000
272.64	80.435
272.91	85.714
273.18	383.333
273.45	1433.333
273.72	275.000
273.98	120.408
274.25	92.593
274.52	76.000
274.79	116.883
275.06	70.930
275.33	-41.304
275.59	-5.263
275.86	-350.000
276.13	18.182
276.40	32.432
276.67	94.253
276.94	139.394
277.20	57.143
277.47	41.111
277.74	19.277
278.01	200.000
278.28	73.684
278.55	68.750
278.81	156.250
279.08	44.737
279.35	91.803
279.62	78.431
279.89	51.948
280.16	86.486
280.42	72.727
280.69	-136.667
280.96	-111.538
281.23	250.000
281.50	41.860
281.77	50.000
282.03	4.918
282.30	-5.882
282.57	-100.000
282.84	66.949
283.11	64.567
283.38	56.383
283.64	60.870
283.91	30.435
284.18	74.699
284.45	96.610
284.72	35.714
284.98	3.175
285.25	-13.793
285.52	-88.889
285.79	53.704
286.06	-140.000
286.33	-15.556
286.59	188.095
286.86	172.414
287.13	26.761
287.40	51.515
287.67	61.905
287.93	148.276
288.20	65.789
288.47	68.627
288.74	72.727
289.01	47.222
289.27	14.925
289.54	79.592
289.81	20.000
290.08	-1.724
290.35	50.000
290.61	30.769
290.88	-8.602
291.15	90.244
291.42	50.649
291.69	-27.660
291.95	14.063
292.22	3.604
292.49	4.587
292.76	40.000
293.03	50.435
293.29	7.143
293.56	94.667
293.83	180.645
294.10	42.045
294.37	85.039
294.63	-262.500
294.90	0.000
295.17	-4.950
295.44	28.736
295.70	16.216
295.97	48.000
296.24	41.837
296.51	47.436
296.78	70.707
297.04	28.916
297.31	2.174
297.58	23.333
297.85	13.636
298.11	140.678
298.38	15.789
298.65	32.099
298.92	51.220
299.19	12.000
299.45	8.140
299.72	15.625
299.99	-48.438
300.26	-4.819
300.52	33.065
300.79	2.913
301.06	-35.897
301.33	40.845
301.60	-41.270
301.86	20.430
302.13	37.349
302.40	24.107
302.67	67.164
302.93	44.218
303.20	9.474
303.47	-73.810
303.74	40.000
304.00	31.683
304.27	39.785
304.54	115.493
304.81	50.400
305.07	12.389
305.34	-4.348
305.61	17.241
305.88	64.557
306.15	40.678
306.41	63.025
306.68	18.116
306.95	59.794
307.22	41.000
307.48	73.239
307.75	100.000
308.02	71.875
308.29	21.739
308.55	27.193
308.82	11.111
309.09	-4.651
309.36	67.901
309.62	60.976
309.89	43.478
310.16	50.376
310.42	71.698
310.69	62.963
310.96	68.852
311.23	69.388
311.49	34.921
311.76	72.222
312.03	85.507
312.30	48.958
312.56	13.115
312.83	21.250
313.10	39.130
313.37	68.817
313.63	89.623
313.90	50.602
314.17	32.039
314.44	33.673
314.70	26.174
314.97	29.167
315.24	12.121
315.50	46.296
315.77	73.333
316.04	14.583
316.31	40.000
316.57	46.087
316.84	26.316
317.11	37.500
317.38	65.278
317.64	56.364
317.91	71.429
318.18	34.731
318.44	28.800
318.71	54.412
318.98	53.488
319.25	45.000
319.51	30.380
319.78	53.543
320.05	26.667
320.31	47.945
320.58	53.757
320.85	53.020
321.12	28.244
321.38	43.455
321.65	40.299
321.92	14.118
322.18	8.333
322.45	32.716
322.72	43.636
322.99	57.047
323.25	84.000
323.52	41.611
323.79	29.687
324.05	55.747
324.32	42.857
324.59	21.260
324.86	14.737
325.12	41.209
325.39	19.355
325.66	27.103
325.92	25.243
326.19	41.827
326.46	41.152
326.72	36.181
326.99	48.583
327.26	60.000
327.52	76.190
327.79	21.143
328.06	31.356
328.33	35.294
328.59	41.429
328.86	15.566
329.13	25.146
329.39	28.834
329.66	31.667
329.93	44.978
330.19	46.559
330.46	37.500
330.73	56.398
330.99	49.724
331.26	75.419
331.53	34.762
331.79	50.515
332.06	35.500
332.33	51.485
332.60	59.777
332.86	50.870
333.13	56.938
333.40	52.838
333.66	27.962
333.93	29.675
334.20	36.101
334.46	44.672
334.73	38.492
335.00	23.661
335.26	35.628
335.53	34.274
335.80	24.215
336.06	35.036
336.33	40.123
336.60	43.321
336.86	38.078
337.13	47.107
337.40	42.629
337.66	43.529
337.93	29.032
338.20	43.772
338.46	67.460
338.73	56.098
339.00	39.623
339.26	44.803
339.53	45.270
339.80	41.923
340.06	54.008
340.33	34.686
340.60	58.042
340.86	50.714
341.13	35.632
341.40	46.689
341.66	45.679
341.93	48.649
342.19	41.463
342.46	49.818
342.73	41.697
342.99	37.500
343.26	45.318
343.53	55.056
343.79	39.754
344.06	44.518
344.33	45.819
344.59	56.287
344.86	49.086
345.13	55.866
345.39	57.627
345.66	59.824
345.93	57.224
346.19	60.163
346.46	47.753
346.72	34.211
346.99	39.429
347.26	51.917
347.52	41.228
347.79	45.015
348.06	38.753
348.32	50.760
348.59	49.326
348.86	51.185
349.12	46.560
349.39	50.679
349.65	35.751
349.92	29.655
350.19	34.739
350.45	53.728
350.72	54.255
350.99	55.297
351.25	56.769
351.52	48.381
351.78	50.285
352.05	45.294
352.32	44.542
352.58	49.901
352.85	53.992
353.12	47.409
353.38	41.147
353.65	46.679
353.91	55.361
354.18	52.456
354.45	39.925
354.71	42.254
354.98	46.214
355.24	51.232
355.51	57.246
355.78	43.487
356.04	57.023
356.31	46.964
356.58	52.421
356.84	53.368
357.11	48.983
357.37	39.547
357.64	45.891
357.91	48.627
358.17	58.469
358.44	64.353
358.70	61.475
358.97	62.521
359.24	59.585
359.50	54.345
359.77	48.632
360.03	48.986
360.30	52.061
360.57	55.538
360.83	52.594
361.10	46.018
361.36	52.454
361.63	48.087
361.90	48.183
362.16	48.519
362.43	41.497
362.69	45.293
362.96	43.404
363.23	47.570
363.49	43.350
363.76	45.940
364.02	53.092
364.29	46.336
364.55	47.382
364.82	49.204
365.09	49.091
365.35	48.086
365.62	45.550
365.88	47.154
366.15	46.092
366.42	47.868
366.68	50.643
366.95	51.004
367.21	47.977
367.48	50.334
367.74	49.024
368.01	50.609
368.28	49.007
368.54	46.401
368.81	50.664
369.07	46.279
369.34	47.951
369.60	45.625
369.87	46.138
370.14	48.228
370.40	43.794
370.67	44.834
370.93	47.116
371.20	48.978
371.46	50.190
371.73	43.113
372.00	45.910
372.26	45.953
372.53	51.204
372.79	46.783
373.06	50.044
373.32	49.910
373.59	54.578
373.85	48.216
374.12	44.737
374.39	50.508
374.65	48.649
374.92	48.240
375.18	46.293
375.45	47.604
375.71	50.157
375.98	48.035
376.24	46.254
376.51	45.597
376.78	47.717
377.04	44.674
377.31	43.170
377.57	44.848
377.84	45.610
378.10	48.478
378.37	47.345
378.63	49.224
378.90	49.677
379.16	45.930
379.43	46.463
379.70	44.334
379.96	46.943
380.23	48.565
380.49	45.666
380.76	46.330
381.02	49.339
381.29	51.252
381.55	48.068
381.82	47.228
382.08	46.627
382.35	49.296
382.61	45.955
382.88	45.742
383.15	48.631
383.41	52.023
383.68	49.463
383.94	50.413
384.21	48.322
384.47	50.155
384.74	48.874
385.00	46.288
385.27	46.063
385.53	52.197
385.80	49.408
386.06	47.550
386.33	51.060
386.59	47.921
386.86	46.590
387.12	47.311
387.39	45.691
387.65	50.286
387.92	49.625
388.18	48.185
388.45	47.780
388.71	47.062
388.98	46.542
389.24	46.154
389.51	46.656
389.78	49.083
390.04	48.881
390.31	44.219
390.57	45.844
390.84	48.495
391.10	48.548
391.37	47.531
391.63	47.085
391.90	49.268
392.16	48.646
392.43	47.901
392.69	46.107
392.96	47.179
393.22	45.829
393.49	48.444
393.75	48.426
394.02	49.152
394.28	47.836
394.55	45.718
394.81	49.034
395.08	50.000
395.34	49.438
395.61	48.106
395.87	46.897
396.14	44.280
396.40	47.811
396.67	48.087
396.93	45.557
397.19	46.867
397.46	46.993
397.72	46.304
397.99	47.207
398.25	45.936
398.52	48.003
398.78	48.024
399.05	45.596
399.31	47.040
399.58	46.962
399.84	48.068
400.11	47.092
400.37	47.251
400.64	45.128
400.90	44.214
401.17	44.967
401.43	46.921
401.70	47.046
401.96	47.112
402.23	48.762
402.49	47.747
402.76	47.567
403.02	49.132
403.29	47.265
403.55	47.409
403.81	48.245
404.08	46.076
404.34	45.125
404.61	44.778
404.87	45.667
405.14	46.783
405.40	46.394
405.67	45.227
405.93	45.219
406.20	46.984
406.46	47.138
406.73	45.528
406.99	46.849
407.25	45.924
407.52	46.173
407.78	47.510
408.05	48.446
408.31	45.497
408.58	44.574
408.84	46.477
409.11	46.328
409.37	45.097
409.64	45.819
409.90	47.970
410.16	48.102
410.43	47.506
410.69	46.350
410.96	47.436
411.22	47.399
411.49	46.945
411.75	47.214
412.02	45.317
412.28	45.099
412.54	44.472
412.81	47.083
413.07	46.348
413.34	44.879
413.60	47.301
413.87	46.175
414.13	46.564
414.40	45.874
414.66	44.335
414.92	45.941
415.19	45.498
415.45	45.420
415.72	44.726
415.98	45.279
416.25	45.108
416.51	45.342
416.77	46.747
417.04	46.010
417.30	46.099
417.57	45.818
417.83	45.352
418.10	45.780
418.36	45.603
418.62	46.598
418.89	46.332
419.15	44.738
419.42	43.723
419.68	45.228
419.95	46.028
420.21	46.294
420.47	45.656
420.74	43.592
421.00	44.452
421.27	46.045
421.53	45.614
421.79	46.265
422.06	45.372
422.32	44.571
422.59	44.452
422.85	45.640
423.11	45.145
423.38	44.813
423.64	45.325
423.91	44.548
424.17	44.219
424.44	45.217
424.70	45.815
424.96	45.294
425.23	44.856
425.49	44.840
425.76	45.269
426.02	45.375
426.28	45.508
426.55	44.748
426.81	45.231
427.08	44.873
427.34	44.453
427.60	44.736
427.87	46.048
428.13	46.591
428.40	46.021
428.66	45.246
428.92	44.685
429.19	45.011
429.45	44.945
429.71	45.244
429.98	44.855
430.24	45.291
430.51	44.245
430.77	44.107
431.03	44.794
431.30	44.521
431.56	44.139
431.83	45.129
432.09	44.698
432.35	44.824
432.62	43.762
432.88	44.309
433.14	44.881
433.41	44.404
433.67	43.893
433.94	44.331
434.20	45.274
434.46	45.532
434.73	44.500
434.99	43.392
435.25	43.866
435.52	43.639
435.78	44.044
436.05	44.216
436.31	44.389
436.57	44.586
436.84	44.682
437.10	44.251
437.36	44.350
437.63	44.267
437.89	44.326
438.15	44.164
438.42	44.621
438.68	43.915
438.95	44.013
439.21	44.473
439.47	44.812
439.74	45.099
440.00	45.287
440.26	44.500
440.53	44.689
440.79	44.636
441.05	44.032
441.32	43.563
441.58	43.908
441.84	44.380
442.11	44.255
442.37	43.979
442.64	43.682
442.90	44.186
443.16	43.501
443.43	43.691
443.69	43.940
443.95	44.184
444.22	43.856
444.48	43.932
444.74	44.182
445.01	43.774
445.27	44.201
445.53	44.130
445.80	43.773
446.06	43.905
446.32	43.677
446.59	43.592
446.85	43.515
447.11	44.236
447.38	44.087
447.64	43.234
447.90	43.734
448.17	43.937
448.43	42.834
448.69	43.553
448.96	43.772
449.22	43.970
449.48	43.737
449.75	43.612
450.01	44.346
450.27	43.631
450.54	43.948
450.80	43.183
451.06	43.311
451.33	43.473
451.59	42.913
451.85	43.880
452.12	44.381
452.38	43.913
452.64	43.928
452.91	43.699
453.17	43.697
453.43	43.389
453.69	43.147
453.96	43.937
454.22	43.558
454.48	43.543
454.75	43.133
455.01	42.953
455.27	43.665
455.54	43.584
455.80	44.017
456.06	44.035
456.33	43.145
456.59	43.758
456.85	43.768
457.12	43.539
457.38	43.357
457.64	43.261
457.90	43.459
458.17	43.233
458.43	43.306
458.69	43.675
458.96	43.655
459.22	43.363
459.48	43.343
459.75	43.165
460.01	42.734
460.27	43.092
460.53	43.507
460.80	43.663
461.06	43.119
461.32	43.202
461.59	43.322
461.85	42.829
462.11	42.881
462.37	42.951
462.64	43.118
462.90	43.132
463.16	43.378
463.43	42.854
463.69	42.861
463.95	42.978
464.21	43.104
464.48	42.681
464.74	42.661
465.00	42.510
465.27	42.753
465.53	42.654
465.79	42.846
466.05	43.134
466.32	42.761
466.58	42.522
466.84	42.885
467.10	42.432
467.37	42.214
467.63	42.788
467.89	43.047
468.16	42.677
468.42	43.013
468.68	43.250
468.94	42.860
469.21	42.347
469.47	42.580
469.73	42.439
469.99	42.762
470.26	42.775
470.52	42.060
470.78	42.396
471.04	42.125
471.31	42.336
471.57	42.401
471.83	42.262
472.10	42.401
472.36	42.019
472.62	41.815
472.88	42.272
473.15	42.236
473.41	42.485
473.67	42.249
473.93	42.306
474.20	42.496
474.46	42.414
474.72	42.212
474.98	42.345
475.25	42.238
475.51	42.214
475.77	41.990
476.03	41.771
476.30	41.971
476.56	41.782
476.82	41.722
477.08	42.203
477.34	41.866
477.61	41.542
477.87	41.961
478.13	42.063
478.39	41.923
478.66	42.160
478.92	42.239
479.18	42.160
479.44	42.147
479.71	42.151
479.97	42.196
480.23	42.315
480.49	41.966
480.76	41.676
481.02	41.900
481.28	41.796
481.54	41.742
481.80	41.423
482.07	41.549
482.33	41.489
482.59	41.453
482.85	41.650
483.12	41.448
483.38	41.533
483.64	41.712
483.90	41.836
484.16	41.868
484.43	41.655
484.69	41.795
484.95	41.949
485.21	42.161
485.48	42.065
485.74	41.816
486.00	42.063
486.26	41.843
486.52	41.630
486.79	41.858
487.05	41.950
487.31	41.902
487.57	41.776
487.83	41.164
488.10	40.953
488.36	41.208
488.62	41.072
488.88	41.051
489.14	41.185
489.41	41.251
489.67	41.424
489.93	41.394
490.19	41.108
490.45	41.157
490.72	41.240
490.98	41.522
491.24	41.817
491.50	41.856
491.76	41.952
492.03	41.734
492.29	41.612
492.55	41.591
492.81	41.484
493.07	41.549
493.34	41.411
493.60	41.292
493.86	41.197
494.12	41.073
494.38	40.801
494.65	40.659
494.91	40.288
495.17	40.585
495.43	40.835
495.69	40.691
495.95	40.515
496.22	40.783
496.48	40.748
496.74	40.940
497.00	41.263
497.26	41.207
497.53	41.345
497.79	41.525
498.05	41.571
498.31	41.819
498.57	41.713
498.83	41.670
499.10	41.733
499.36	41.562
499.62	41.379
499.88	41.199
500.14	40.909
500.40	40.374
500.67	40.247
500.93	40.426
501.19	40.602
501.45	40.516
501.71	40.317
501.97	40.254
502.24	39.961
502.50	39.970
502.76	40.313
503.02	40.403
503.28	40.549
503.54	40.607
503.81	40.916
504.07	41.079
504.33	41.426
504.59	41.618
504.85	41.855
505.11	41.659
505.37	41.649
505.64	41.739
505.90	41.614
506.16	41.368
506.42	41.387
506.68	41.325
506.94	40.955
507.20	40.774
507.47	40.620
507.73	40.177
507.99	40.073
508.25	39.742
508.51	39.649
508.77	39.404
509.03	39.299
509.30	39.352
509.56	39.381
509.82	39.537
510.08	39.799
510.34	40.119
510.60	40.207
510.86	40.364
511.13	40.815
511.39	40.967
511.65	41.143
511.91	41.342
512.17	41.540
512.43	41.824
512.69	41.786
512.95	42.173
513.22	41.964
513.48	41.692
513.74	41.428
514.00	41.159
514.26	40.925
514.52	40.696
514.78	40.642
515.04	40.061
515.31	39.524
515.57	39.398
515.83	39.139
516.09	38.863
516.35	38.890
516.61	38.972
516.87	39.104
517.13	39.100
517.40	39.097
517.66	39.119
517.92	39.401
518.18	39.864
518.44	40.300
518.70	40.594
518.96	40.762
519.22	41.335
519.48	41.562
519.75	41.650
520.01	42.009
520.27	42.063
520.53	42.077
520.79	42.025
521.05	41.866
521.31	41.733
521.57	41.534
521.83	41.186
522.09	40.768
522.36	40.435
522.62	39.945
522.88	39.769
523.14	39.249
523.40	39.051
523.66	38.652
523.92	38.434
524.18	38.189
524.44	38.224
524.70	38.177
524.96	38.216
525.23	38.208
525.49	38.382
525.75	38.958
526.01	39.278
526.27	39.637
526.53	40.089
526.79	40.543
527.05	40.966
527.31	41.245
527.57	41.457
527.83	41.935
528.09	42.296
528.36	42.400
528.62	42.604
528.88	42.609
529.14	42.466
529.40	42.215
529.66	41.979
529.92	41.583
530.18	41.122
530.44	40.769
530.70	40.297
530.96	39.800
531.22	39.465
531.48	38.967
531.74	38.367
532.00	37.941
532.27	37.863
532.53	37.606
532.79	37.447
533.05	37.360
533.31	37.403
533.57	37.496
533.83	37.697
534.09	38.119
534.35	38.585
534.61	38.918
534.87	39.481
535.13	39.901
535.39	40.419
535.65	41.051
535.91	41.345
536.17	41.814
536.43	42.270
536.70	42.524
536.96	42.841
537.22	42.913
537.48	42.891
537.74	42.952
538.00	42.603
538.26	42.290
538.52	42.008
538.78	41.568
539.04	40.878
539.30	40.290
539.56	39.629
539.82	39.011
540.08	38.493
540.34	37.870
540.60	37.354
540.86	36.812
541.12	36.332
541.38	36.196
541.64	36.173
541.90	36.079
542.16	36.156
542.42	36.245
542.68	36.531
542.94	36.777
543.21	37.073
543.47	37.718
543.73	38.236
543.99	38.897
544.25	39.469
544.51	40.115
544.77	40.680
545.03	41.308
545.29	41.984
545.55	42.405
545.81	42.790
546.07	42.893
546.33	42.974
546.59	43.107
546.85	42.936
547.11	42.720
547.37	42.684
547.63	42.248
547.89	41.771
548.15	41.194
548.41	40.551
548.67	40.055
548.93	39.454
549.19	38.729
549.45	38.130
549.71	37.564
549.97	36.897
550.23	36.266
550.49	35.982
550.75	35.844
551.01	35.756
551.27	35.584
551.53	35.460
551.79	35.671
552.05	35.995
552.31	36.419
552.57	36.864
552.83	37.445
553.09	38.204
553.35	38.896
553.61	39.503
553.87	40.177
554.13	41.198
554.39	41.825
554.65	42.444
554.91	42.995
555.17	43.327
555.43	43.746
555.69	44.019
555.95	44.170
556.21	44.261
556.47	44.123
556.73	44.096
556.99	43.698
557.25	43.241
557.51	42.649
557.77	41.922
558.03	41.244
558.29	40.436
558.55	39.885
558.81	39.141
559.07	38.347
559.33	37.515
559.59	36.718
559.85	36.190
560.11	35.422
560.37	34.900
560.62	34.592
560.88	34.294
561.14	34.178
561.40	34.209
561.66	34.376
561.92	34.517
562.18	34.888
562.44	35.451
562.70	36.081
562.96	36.861
563.22	37.418
563.48	38.353
563.74	39.354
564.00	40.132
564.26	40.978
564.52	41.780
564.78	42.542
565.04	43.281
565.30	43.830
565.56	44.466
565.82	44.802
566.08	44.994
566.34	45.123
566.60	45.053
566.86	44.932
567.11	44.652
567.37	44.195
567.63	43.740
567.89	43.259
568.15	42.590
568.41	41.598
568.67	40.847
568.93	39.929
569.19	38.880
569.45	38.091
569.71	37.262
569.97	36.385
570.23	35.644
570.49	35.006
570.75	34.450
571.01	33.901
571.27	33.596
571.52	33.345
571.78	33.243
572.04	33.379
572.30	33.575
572.56	33.752
572.82	34.165
573.08	34.766
573.34	35.343
573.60	36.193
573.86	37.046
574.12	38.019
574.38	39.058
574.64	39.981
574.90	40.826
575.15	41.619
575.41	42.467
575.67	43.276
575.93	43.975
576.19	44.646
576.45	45.146
576.71	45.509
576.97	45.768
577.23	45.943
577.49	45.930
577.75	45.608
578.01	45.507
578.26	44.937
578.52	44.347
578.78	43.756
579.04	42.995
579.30	42.000
579.56	41.104
579.82	40.157
580.08	39.009
580.34	38.052
580.60	37.214
580.86	36.255
581.11	35.316
581.37	34.489
581.63	33.706
581.89	33.110
582.15	32.658
582.41	32.184
582.67	31.869
582.93	31.984
583.19	32.007
583.45	32.088
583.70	32.476
583.96	32.960
584.22	33.538
584.48	34.353
584.74	35.161
585.00	36.096
585.26	37.005
585.52	38.105
585.78	39.296
586.03	40.302
586.29	41.309
586.55	42.351
586.81	43.268
587.07	44.211
587.33	45.050
587.59	45.792
587.85	46.468
588.11	46.999
588.36	47.213
588.62	47.462
588.88	47.528
589.14	47.323
589.40	47.048
589.66	46.730
589.92	46.094
590.18	45.430
590.43	44.647
590.69	43.861
590.95	42.763
591.21	42.004
591.47	40.943
591.73	39.825
591.99	38.706
592.24	37.625
592.50	36.530
592.76	35.482
593.02	34.511
593.28	33.539
593.54	32.948
593.80	32.283
594.06	31.852
594.31	31.445
594.57	31.330
594.83	31.273
595.09	31.260
595.35	31.500
595.61	31.966
595.87	32.410
596.12	33.086
596.38	33.883
596.64	34.668
596.90	35.709
597.16	36.841
597.42	37.909
597.67	39.189
597.93	40.370
598.19	41.525
598.45	42.491
598.71	43.594
598.97	44.650
599.23	45.693
599.48	46.565
599.74	47.399
600.00	48.086
600.26	48.424
600.52	48.721
600.78	49.024
601.03	49.166
601.29	49.052
601.55	48.813
601.81	48.252
602.07	47.815
602.33	47.229
602.58	46.482
602.84	45.541
603.10	44.628
603.36	43.729
603.62	42.603
603.88	41.374
604.13	40.109
604.39	38.746
604.65	37.561
604.91	36.455
605.17	35.263
605.42	34.184
605.68	33.232
605.94	32.369
606.20	31.620
606.46	30.897
606.72	30.375
606.97	30.064
607.23	29.821
607.49	29.680
607.75	29.932
608.01	30.157
608.26	30.542
608.52	31.137
608.78	31.967
609.04	32.747
609.30	33.592
609.55	34.562
609.81	35.771
610.07	37.111
610.33	38.328
610.59	39.481
610.84	40.673
611.10	42.059
611.36	43.276
611.62	44.449
611.88	45.743
612.13	46.607
612.39	47.533
612.65	48.280
612.91	48.968
613.17	49.508
613.42	50.089
613.68	50.351
613.94	50.441
614.20	50.354
614.46	50.149
614.71	49.923
614.97	49.499
615.23	48.919
615.49	47.950
615.75	47.186
616.00	46.285
616.26	45.264
616.52	44.045
616.78	42.891
617.03	41.651
617.29	40.327
617.55	38.959
617.81	37.711
618.07	36.385
618.32	35.217
618.58	34.026
618.84	33.006
619.10	31.920
619.35	30.944
619.61	30.160
619.87	29.608
620.13	28.939
620.39	28.637
620.64	28.526
620.90	28.461
621.16	28.572
621.42	28.844
621.67	29.322
621.93	29.951
622.19	30.605
622.45	31.525
622.70	32.534
622.96	33.591
623.22	34.773
623.48	36.030
623.73	37.342
623.99	38.735
624.25	40.131
624.51	41.507
624.77	42.735
625.02	44.042
625.28	45.416
625.54	46.577
625.80	47.747
626.05	48.733
626.31	49.686
626.57	50.553
626.83	51.040
627.08	51.606
627.34	51.853
627.60	52.169
627.85	52.328
628.11	52.068
628.37	51.751
628.63	51.470
628.88	50.996
629.14	50.319
629.40	49.517
629.66	48.756
629.91	47.693
630.17	46.597
630.43	45.488
630.69	44.240
630.94	42.950
631.20	41.566
631.46	40.276
631.72	38.918
631.97	37.451
632.23	35.982
632.49	34.625
632.74	33.292
633.00	32.168
633.26	31.062
633.52	30.073
633.77	29.314
634.03	28.515
634.29	27.993
634.55	27.553
634.80	27.390
635.06	27.387
635.32	27.292
635.57	27.455
635.83	27.873
636.09	28.421
636.35	29.034
636.60	29.869
636.86	30.811
637.12	31.882
637.37	33.036
637.63	34.217
637.89	35.565
638.15	36.947
638.40	38.368
638.66	39.950
638.92	41.323
639.17	42.709
639.43	43.974
639.69	45.279
639.94	46.725
640.20	47.994
640.46	49.115
640.72	50.220
640.97	51.092
641.23	51.841
641.49	52.610
641.74	52.995
642.00	53.327
642.26	53.703
642.51	53.750
642.77	53.736
643.03	53.576
643.28	53.140
643.54	52.565
643.80	52.086
644.06	51.259
644.31	50.413
644.57	49.421
644.83	48.374
645.08	47.204
645.34	45.898
645.60	44.475
645.85	43.053
646.11	41.692
646.37	40.288
646.62	38.807
646.88	37.350
647.14	35.933
647.39	34.526
647.65	33.255
647.91	31.999
648.16	30.766
648.42	29.677
648.68	28.682
648.93	27.821
649.19	27.111
649.45	26.633
649.70	26.182
649.96	25.890
650.22	25.841
650.47	25.915
650.73	26.094
650.99	26.496
651.24	27.088
651.50	27.768
651.76	28.443
652.01	29.383
652.27	30.365
652.53	31.606
652.78	32.902
653.04	34.197
653.30	35.545
653.55	37.120
653.81	38.782
654.07	40.235
654.32	41.780
654.58	43.355
654.84	44.855
655.09	46.245
655.35	47.687
655.61	49.084
655.86	50.194
656.12	51.372
656.38	52.326
656.63	53.255
656.89	54.092
657.14	54.820
657.40	55.407
657.66	55.745
657.91	55.864
658.17	55.980
658.43	55.925
658.68	55.729
658.94	55.528
659.20	54.970
659.45	54.304
659.71	53.782
659.96	52.958
660.22	51.935
660.48	50.912
660.73	49.825
660.99	48.505
661.25	47.188
661.50	45.790
661.76	44.361
662.01	42.829
662.27	41.346
662.53	39.771
662.78	38.373
663.04	36.974
663.30	35.415
663.55	33.932
663.81	32.502
664.06	31.184
664.32	30.057
664.58	28.943
664.83	27.899
665.09	27.024
665.35	26.319
665.60	25.643
665.86	25.214
666.11	24.807
666.37	24.633
666.63	24.580
666.88	24.781
667.14	25.004
667.39	25.433
667.65	26.019
667.91	26.776
668.16	27.666
668.42	28.696
668.67	29.811
668.93	30.996
669.19	32.342
669.44	33.816
669.70	35.125
669.95	36.621
670.21	38.084
670.47	39.667
670.72	41.294
670.98	42.891
671.23	44.403
671.49	45.824
671.75	47.175
672.00	48.616
672.26	49.963
672.51	51.298
672.77	52.331
673.03	53.365
673.28	54.230
673.54	55.084
673.79	55.890
674.05	56.406
674.30	56.810
674.56	56.925
674.82	56.924
675.07	57.124
675.33	57.067
675.58	56.678
675.84	56.192
676.09	55.573
676.35	55.038
676.61	54.410
676.86	53.524
677.12	52.526
677.37	51.403
677.63	50.209
677.88	48.969
678.14	47.619
678.40	46.064
678.65	44.767
678.91	43.220
679.16	41.589
679.42	40.050
679.67	38.498
679.93	37.158
680.19	35.569
680.44	34.042
680.70	32.653
680.95	31.259
681.21	29.990
681.46	28.735
681.72	27.590
681.97	26.577
682.23	25.731
682.49	24.931
682.74	24.245
683.00	23.675
683.25	23.317
683.51	23.175
683.76	23.135
684.02	23.206
684.27	23.472
684.53	23.775
684.78	24.321
685.04	24.975
685.30	25.730
685.55	26.756
685.81	27.860
686.06	28.966
686.32	30.294
686.57	31.654
686.83	33.100
687.08	34.579
687.34	36.067
687.59	37.638
687.85	39.112
688.10	40.786
688.36	42.473
688.62	44.022
688.87	45.625
689.13	47.166
689.38	48.703
689.64	49.996
689.89	51.392
690.15	52.571
690.40	53.675
690.66	54.957
690.91	56.042
691.17	56.743
691.42	57.518
691.68	58.222
691.93	58.738
692.19	59.019
692.44	59.253
692.70	59.320
692.95	59.440
693.21	59.255
693.46	59.128
693.72	58.781
693.97	58.243
694.23	57.572
694.49	56.841
694.74	55.946
695.00	54.928
695.25	53.841
695.51	52.999
695.76	51.773
696.02	50.306
696.27	48.900
696.53	47.603
696.78	46.028
697.04	44.545
697.29	43.088
697.55	41.583
697.80	39.872
698.06	38.237
698.31	36.766
698.57	35.363
698.82	33.894
699.08	32.314
699.33	30.947
699.59	29.604
699.84	28.314
700.09	27.194
700.35	26.202
700.60	25.322
700.86	24.413
701.11	23.672
701.37	23.176
701.62	22.770
701.88	22.473
702.13	22.340
702.39	22.282
702.64	22.411
702.90	22.748
703.15	23.124
703.41	23.699
703.66	24.394
703.92	25.146
704.17	26.055
704.43	27.160
704.68	28.406
704.94	29.586
705.19	30.913
705.45	32.293
705.70	33.804
705.95	35.339
706.21	36.888
706.46	38.417
706.72	39.983
706.97	41.641
707.23	43.238
707.48	44.802
707.74	46.359
707.99	47.982
708.25	49.399
708.50	50.721
708.76	52.294
709.01	53.459
709.27	54.547
709.52	55.806
709.77	56.801
710.03	57.536
710.28	58.298
710.54	59.360
710.79	60.007
711.05	60.367
711.30	60.660
711.56	60.646
711.81	60.803
712.06	60.839
712.32	60.695
712.57	60.477
712.83	60.134
713.08	59.677
713.34	59.255
713.59	58.542
713.85	57.788
714.10	56.846
714.35	55.708
714.61	54.611
714.86	53.612
715.12	52.395
715.37	51.000
715.63	49.621
715.88	48.103
716.13	46.519
716.39	44.958
716.64	43.469
716.90	41.890
717.15	40.324
717.41	38.778
717.66	37.144
717.91	35.539
718.17	33.952
718.42	32.498
718.68	31.016
718.93	29.613
719.19	28.204
719.44	26.991
719.69	25.661
719.95	24.610
720.20	23.653
720.46	22.696
720.71	21.977
720.97	21.389
721.22	20.988
721.47	20.543
721.73	20.228
721.98	20.081
722.24	20.142
722.49	20.300
722.74	20.630
723.00	20.887
723.25	21.512
723.51	22.271
723.76	22.981
724.01	23.845
724.27	24.955
724.52	26.097
724.78	27.362
725.03	28.595
725.28	29.942
725.54	31.401
725.79	32.978
726.05	34.554
726.30	36.117
726.55	37.787
726.81	39.529
727.06	41.099
727.32	42.678
727.57	44.296
727.82	45.965
728.08	47.454
728.33	49.018
728.59	50.693
728.84	52.157
729.09	53.417
729.35	54.467
729.60	55.750
729.85	57.041
730.11	58.120
730.36	58.985
730.62	59.767
730.87	60.523
731.12	61.229
731.38	61.868
731.63	62.225
731.88	62.651
732.14	62.927
732.39	62.951
732.65	62.919
732.90	62.829
733.15	62.542
733.41	62.411
733.66	61.889
733.91	61.299
734.17	60.580
734.42	59.943
734.68	59.116
734.93	58.409
735.18	57.393
735.44	56.104
735.69	54.972
735.94	53.660
736.20	52.406
736.45	50.900
736.70	49.486
736.96	48.146
737.21	46.624
737.46	45.033
737.72	43.403
737.97	41.842
738.23	40.296
738.48	38.611
738.73	37.112
738.99	35.551
739.24	33.884
739.49	32.357
739.75	30.848
740.00	29.316
740.25	28.017
740.51	26.798
740.76	25.694
741.01	24.552
741.27	23.529
741.52	22.691
741.77	21.920
742.03	21.097
742.28	20.419
742.53	20.013
742.79	19.708
743.04	19.426
743.29	19.236
743.55	19.285
743.80	19.458
744.05	19.698
744.31	20.136
744.56	20.670
744.81	21.365
745.07	22.106
745.32	22.862
745.57	23.883
745.83	25.022
746.08	26.153
746.33	27.384
746.59	28.626
746.84	30.159
747.09	31.511
747.35	32.976
747.60	34.503
747.85	36.148
748.10	37.700
748.36	39.502
748.61	41.135
748.86	42.765
749.12	44.525
749.37	46.032
749.62	47.443
749.88	49.083
750.13	50.599
750.38	52.293
750.64	53.835
750.89	55.010
751.14	56.166
751.39	57.712
751.65	58.710
751.90	59.744
752.15	60.851
752.41	61.584
752.66	62.472
752.91	63.108
753.17	63.763
753.42	64.315
753.67	64.716
753.92	64.880
754.18	65.044
754.43	65.380
754.68	65.503
754.94	65.353
755.19	65.342
755.44	65.112
755.69	64.431
755.95	63.907
756.20	63.356
756.45	62.797
756.71	62.255
756.96	61.418
757.21	60.313
757.46	59.321
757.72	58.418
757.97	57.239
758.22	55.934
758.48	54.731
758.73	53.309
758.98	52.011
759.23	50.373
759.49	48.784
759.74	47.428
759.99	45.920
760.25	44.363
760.50	42.711
760.75	41.286
761.00	39.619
761.26	38.013
761.51	36.536
761.76	34.918
762.01	33.438
762.27	31.960
762.52	30.574
762.77	29.240
763.02	27.799
763.28	26.427
763.53	25.262
763.78	24.197
764.03	23.142
764.29	22.165
764.54	21.346
764.79	20.509
765.04	19.949
765.30	19.397
765.55	18.968
765.80	18.604
766.05	18.397
766.31	18.367
766.56	18.443
766.81	18.488
767.06	18.745
767.32	19.093
767.57	19.615
767.82	20.262
768.07	21.031
768.33	21.818
768.58	22.744
768.83	23.713
769.08	24.840
769.34	26.054
769.59	27.319
769.84	28.492
770.09	29.904
770.35	31.377
770.60	33.020
770.85	34.491
771.10	36.007
771.35	37.652
771.61	39.138
771.86	40.646
772.11	42.314
772.36	43.870
772.62	45.511
772.87	47.166
773.12	48.608
773.37	50.112
773.62	51.613
773.88	53.063
774.13	54.240
774.38	55.562
774.63	56.888
774.89	58.003
775.14	59.234
775.39	60.181
775.64	61.211
775.89	62.320
776.15	63.073
776.40	63.769
776.65	64.302
776.90	64.856
777.15	65.553
777.41	65.937
777.66	66.260
777.91	66.664
778.16	66.663
778.41	66.508
778.67	66.538
778.92	66.425
779.17	66.213
779.42	65.841
779.67	65.451
779.93	64.869
780.18	64.391
780.43	63.915
780.68	63.267
780.93	62.313
781.19	61.402
781.44	60.482
781.69	59.351
781.94	58.301
782.19	57.223
782.45	56.016
782.70	55.054
782.95	53.559
783.20	52.183
783.45	50.661
783.70	49.056
783.96	47.690
784.21	46.123
784.46	44.516
784.71	43.075
784.96	41.480
785.22	39.904
785.47	38.448
785.72	36.832
785.97	35.365
786.22	33.940
786.47	32.416
786.73	30.966
786.98	29.606
787.23	28.159
787.48	26.950
787.73	25.628
787.98	24.449
788.24	23.277
788.49	22.131
788.74	21.361
788.99	20.498
789.24	19.683
789.49	19.078
789.75	18.513
790.00	17.958
790.25	17.610
790.50	17.371
790.75	17.182
791.00	17.007
791.26	17.121
791.51	17.280
791.76	17.493
792.01	17.876
792.26	18.367
792.51	18.992
792.76	19.656
793.02	20.247
793.27	21.065
793.52	22.072
793.77	23.020
794.02	24.178
794.27	25.348
794.52	26.561
794.78	27.902
795.03	29.200
795.28	30.541
795.53	31.998
795.78	33.453
796.03	34.869
796.28	36.555
796.54	38.116
796.79	39.633
797.04	41.239
797.29	42.654
797.54	44.350
797.79	45.920
798.04	47.402
798.29	48.865
798.55	50.396
798.80	51.589
799.05	53.113
799.30	54.749
799.55	56.110
799.80	57.004
800.05	58.282
800.30	59.513
800.56	60.473
800.81	61.529
801.06	62.464
801.31	63.308
801.56	64.305
801.81	64.875
802.06	65.556
802.31	66.098
802.56	66.582
802.82	67.012
803.07	67.357
803.32	67.665
803.57	67.701
803.82	67.639
804.07	67.915
804.32	68.187
804.57	68.066
804.82	67.924
805.07	67.566
805.33	67.115
805.58	66.450
805.83	66.097
806.08	65.634
806.33	64.741
806.58	64.199
806.83	63.567
807.08	62.573
807.33	61.588
807.58	60.620
807.84	59.282
808.09	58.055
808.34	57.073
808.59	55.870
808.84	54.754
809.09	53.423
809.34	52.195
809.59	50.827
809.84	49.518
810.09	47.988
810.34	46.397
810.59	45.077
810.85	43.471
811.10	41.936
811.35	40.339
811.60	38.838
811.85	37.471
812.10	36.117
812.35	34.553
812.60	33.029
812.85	31.693
813.10	30.273
813.35	28.993
813.60	27.704
813.85	26.409
814.10	25.212
814.36	24.085
814.61	23.023
814.86	21.973
815.11	20.943
815.36	19.964
815.61	19.315
815.86	18.710
816.11	17.933
816.36	17.427
816.61	16.984
816.86	16.623
817.11	16.312
817.36	16.157
817.61	16.032
817.86	16.084
818.11	16.155
818.36	16.403
818.62	16.689
818.87	17.188
819.12	17.569
819.37	18.108
819.62	18.767
819.87	19.572
820.12	20.484
820.37	21.438
820.62	22.206
820.87	23.306
821.12	24.484
821.37	25.650
821.62	26.966
821.87	28.480
822.12	29.773
822.37	31.045
822.62	32.555
822.87	33.860
823.12	35.264
823.37	36.881
823.62	38.399
823.87	39.921
824.12	41.521
824.37	42.915
824.62	44.424
824.87	45.898
825.12	47.370
825.37	49.002
825.63	50.666
825.88	51.787
826.13	53.220
826.38	54.295
826.63	55.748
826.88	56.912
827.13	58.261
827.38	59.491
827.63	60.548
827.88	61.590
828.13	62.518
828.38	63.459
828.63	64.412
828.88	65.395
829.13	66.415
829.38	67.171
829.63	67.717
829.88	68.270
830.13	68.439
830.38	68.990
830.63	69.372
830.88	69.528
831.13	70.093
831.38	70.189
831.63	70.145
831.88	69.998
832.13	70.196
832.38	70.246
832.63	70.189
832.88	69.401
833.13	68.965
833.38	68.911
833.63	68.681
833.88	67.627
834.13	67.031
834.38	66.519
834.63	65.818
834.88	64.975
835.13	64.299
835.38	63.332
835.63	62.286
835.88	61.762
836.13	60.607
836.38	59.122
836.63	57.957
836.88	56.789
837.12	55.301
837.37	54.396
837.62	52.933
837.87	51.615
838.12	50.393
838.37	48.689
838.62	47.446
838.87	46.097
839.12	44.747
839.37	43.514
839.62	41.989
839.87	40.112
840.12	38.579
840.37	37.373
840.62	36.071
840.87	34.606
841.12	33.251
841.37	31.593
841.62	30.251
841.87	29.040
842.12	27.746
842.37	26.478
842.62	25.355
842.87	24.168
843.12	23.133
843.37	21.993
843.62	21.169
843.87	20.128
844.11	19.425
844.36	18.646
844.61	18.058
844.86	17.364
845.11	16.752
845.36	16.415
845.61	15.956
845.86	15.740
846.11	15.426
846.36	15.334
846.61	15.405
846.86	15.416
847.11	15.561
847.36	15.751
847.61	15.858
847.86	16.353
848.11	16.897
848.35	17.422
848.60	17.941
848.85	18.659
849.10	19.598
849.35	20.522
849.60	21.363
849.85	22.316
850.10	23.402
850.35	24.579
850.60	25.621
850.85	26.748
851.10	27.942
851.35	29.332
851.60	30.489
851.84	31.813
852.09	33.294
852.34	34.728
852.59	36.273
852.84	37.901
853.09	39.193
853.34	40.665
853.59	42.137
853.84	43.889
854.09	45.067
854.34	46.476
854.59	48.054
854.83	49.641
855.08	50.647
855.33	51.915
855.58	53.511
855.83	54.964
856.08	56.099
856.33	57.486
856.58	58.869
856.83	59.807
857.08	60.921
857.32	61.778
857.57	62.510
857.82	63.561
858.07	64.843
858.32	65.873
858.57	66.604
858.82	67.314
859.07	68.274
859.32	68.943
859.56	69.354
859.81	69.937
860.06	70.532
860.31	71.092
860.56	71.728
860.81	71.878
861.06	72.142
861.31	72.062
861.56	72.093
861.80	72.329
862.05	72.250
862.30	72.097
862.55	71.928
862.80	71.849
863.05	71.783
863.30	71.639
863.55	71.111
863.79	70.615
864.04	69.938
864.29	69.432
864.54	69.290
864.79	68.420
865.04	67.534
865.29	66.817
865.54	65.981
865.78	65.174
866.03	64.322
866.28	63.478
866.53	62.589
866.78	61.586
867.03	59.985
867.28	59.012
867.52	58.123
867.77	56.750
868.02	55.527
868.27	54.268
868.52	53.322
868.77	51.927
869.02	50.335
869.26	48.912
869.51	47.621
869.76	46.470
870.01	44.968
870.26	43.750
870.51	42.469
870.76	40.995
871.00	39.311
871.25	38.042
871.50	36.667
871.75	35.460
872.00	34.205
872.25	32.948
872.49	31.593
872.74	30.027
872.99	28.985
873.24	27.733
873.49	26.284
873.74	25.024
873.98	23.975
874.23	23.012
874.48	22.115
874.73	21.413
874.98	20.401
875.23	19.387
875.47	18.438
875.72	17.810
875.97	17.200
876.22	16.769
876.47	16.296
876.72	15.598
876.96	15.118
877.21	14.626
877.46	14.401
877.71	14.408
877.96	14.518
878.20	14.541
878.45	14.540
878.70	14.504
878.95	14.905
879.20	15.260
879.45	15.303
879.69	15.893
879.94	16.340
880.19	16.994
880.44	17.618
880.69	18.274
880.93	19.072
881.18	19.981
881.43	20.754
881.68	21.407
881.93	22.526
882.17	23.656
882.42	24.693
882.67	25.850
882.92	27.071
883.17	28.033
883.41	29.109
883.66	30.591
883.91	32.019
884.16	32.895
884.41	34.298
884.65	35.796
884.90	37.101
885.15	38.699
885.40	39.928
885.64	41.118
885.89	42.542
886.14	44.107
886.39	45.664
886.64	47.051
886.88	48.181
887.13	49.564
887.38	50.790
887.63	51.741
887.88	53.030
888.12	54.053
888.37	55.323
888.62	56.873
888.87	58.217
889.11	59.262
889.36	60.316
889.61	61.443
889.86	62.134
890.10	62.673
890.35	63.732
890.60	65.104
890.85	65.404
891.10	65.812
891.34	66.519
891.59	67.670
891.84	68.256
892.09	68.679
892.33	69.223
892.58	69.830
892.83	70.365
893.08	70.548
893.32	70.913
893.57	70.974
893.82	70.863
894.07	70.887
894.31	71.349
894.56	71.584
894.81	71.802
895.06	71.451
895.30	71.417
895.55	71.415
895.80	71.014
896.05	70.586
896.29	70.539
896.54	70.344
896.79	69.796
897.04	69.243
897.28	68.664
897.53	68.136
897.78	67.757
898.03	67.088
898.27	66.369
898.52	65.625
898.77	64.961
899.01	64.169
899.26	63.143
899.51	62.225
899.76	61.178
900.00	60.582
900.25	59.611
900.50	58.329
900.75	57.344
900.99	56.372
901.24	55.273
901.49	54.382
901.73	53.298
901.98	51.871
902.23	50.659
902.48	49.208
902.72	47.631
902.97	46.432
903.22	45.578
903.47	44.066
903.71	42.759
903.96	41.483
904.21	40.183
904.45	39.199
904.70	37.800
904.95	36.500
905.20	35.179
905.44	34.029
905.69	32.507
905.94	31.305
906.18	30.138
906.43	28.821
906.68	28.044
906.92	26.951
907.17	25.591
907.42	24.333
907.67	23.319
907.91	22.533
908.16	21.521
908.41	20.801
908.65	19.756
908.90	18.772
909.15	18.161
909.39	17.317
909.64	16.562
909.89	16.150
910.13	15.658
910.38	15.149
910.63	14.329
910.88	14.113
911.12	14.095
911.37	13.705
911.62	13.680
911.86	13.632
912.11	13.703
912.36	13.725
912.60	13.706
912.85	13.928
913.10	14.124
913.34	14.431
913.59	14.836
913.84	15.147
914.08	15.648
914.33	16.087
914.58	16.706
914.82	17.296
915.07	17.955
915.32	18.838
915.56	19.745
915.81	20.584
916.06	21.563
916.30	22.250
916.55	23.458
916.80	24.520
917.04	25.656
917.29	26.232
917.54	27.655
917.78	28.728
918.03	30.092
918.28	31.195
918.52	32.341
918.77	33.850
919.02	34.974
919.26	36.286
919.51	37.417
919.76	38.604
920.00	39.930
920.25	41.691
920.49	42.955
920.74	43.896
920.99	45.174
921.23	46.886
921.48	48.147
921.73	49.313
921.97	50.251
922.22	51.419
922.47	53.088
922.71	54.425
922.96	55.298
923.21	56.280
923.45	57.739
923.70	58.552
923.94	59.538
924.19	60.525
924.44	61.234
924.68	62.358
924.93	63.141
925.18	64.630
925.42	65.774
925.67	65.885
925.91	66.927
926.16	67.922
926.41	68.419
926.65	69.780
926.90	69.767
927.15	70.457
927.39	70.730
927.64	71.244
927.88	71.782
928.13	71.836
928.38	72.712
928.62	73.167
928.87	73.499
929.11	73.826
929.36	73.632
929.61	74.194
929.85	73.963
930.10	73.810
930.34	74.117
930.59	73.942
930.84	73.784
931.08	73.555
931.33	74.226
931.57	74.216
931.82	73.751
932.07	73.544
932.31	72.906
932.56	72.590
932.80	72.267
933.05	71.738
933.30	71.199
933.54	70.804
933.79	70.175
934.03	69.375
934.28	68.580
934.53	68.598
934.77	68.407
935.02	67.530
935.26	65.675
935.51	64.871
935.76	64.829
936.00	63.803
936.25	62.987
936.49	61.618
936.74	60.651
936.98	59.779
937.23	58.502
937.48	58.648
937.72	57.556
937.97	55.854
938.21	54.008
938.46	53.279
938.70	51.794
938.95	50.671
939.20	49.962
939.44	48.528
939.69	46.853
939.93	46.093
940.18	45.203
940.42	43.442
940.67	41.767
940.92	40.814
941.16	40.349
941.41	39.418
941.65	37.739
941.90	35.919
942.14	35.521
942.39	34.427
942.63	32.903
942.88	30.286
943.13	28.954
943.37	28.537
943.62	27.794
943.86	26.538
944.11	26.199
944.35	24.232
944.60	23.409
944.84	22.420
945.09	21.851
945.34	20.401
945.58	18.735
945.83	19.757
946.07	20.599
946.32	19.250
946.56	17.701
946.81	17.580
947.05	17.369
947.30	15.344
947.54	15.549
947.79	16.185
948.03	16.381
948.28	15.117
948.53	13.631
948.77	14.106
949.02	13.639
949.26	13.747
949.51	13.128
949.75	14.267
950.00	13.790
950.24	14.248
950.49	14.794
950.73	14.214
950.98	14.947
951.22	15.660
951.47	14.754
951.71	15.385
951.96	16.121
952.20	16.658
952.45	17.426
952.69	18.124
952.94	19.347
953.18	19.190
953.43	20.338
953.67	21.477
953.92	22.601
954.16	23.441
954.41	23.864
954.65	24.980
954.90	25.620
955.14	27.582
955.39	27.782
955.63	28.565
955.88	30.415
956.12	31.318
956.37	32.188
956.61	33.955
956.86	35.568
957.10	36.160
957.35	37.323
957.59	39.322
957.84	40.749
958.08	41.707
958.33	42.267
958.57	44.090
958.82	46.388
959.06	46.858
959.31	47.843
959.55	48.504
959.80	49.583
960.04	51.110
960.29	52.387
960.53	53.960
960.78	54.554
961.02	55.621
961.27	55.733
961.51	57.932
961.76	58.597
962.00	60.166
962.25	60.665
962.49	61.747
962.74	63.404
962.98	64.729
963.23	65.471
963.47	65.992
963.71	67.310
963.96	68.966
964.20	69.157
964.45	69.516
964.69	69.886
964.94	69.755
965.18	69.997
965.43	71.273
965.67	73.105
965.92	71.980
966.16	71.628
966.41	74.277
966.65	74.761
966.89	74.843
967.14	76.295
967.38	75.856
967.63	75.992
967.87	75.770
968.12	75.505
968.36	77.000
968.61	78.075
968.85	77.367
969.10	76.994
969.34	77.038
969.58	77.065
969.83	77.538
970.07	75.787
970.32	76.265
970.56	76.803
970.81	76.555
971.05	76.966
971.29	75.486
971.54	75.886
971.78	75.552
972.03	74.751
972.27	74.787
972.52	74.249
972.76	74.137
973.00	73.603
973.25	71.145
973.49	70.828
973.74	71.053
973.98	71.256
974.23	70.132
974.47	69.745
974.71	69.331
974.96	69.200
975.20	68.330
975.45	66.641
975.69	65.484
975.94	65.463
976.18	65.173
976.42	62.036
976.67	61.679
976.91	61.304
977.16	60.824
977.40	59.925
977.64	58.239
977.89	57.058
978.13	56.445
978.38	55.763
978.62	53.828
978.86	52.128
979.11	52.109
979.35	50.280
979.60	48.587
979.84	48.996
980.08	48.219
980.33	47.246
980.57	45.699
980.82	44.090
981.06	42.662
981.30	41.144
981.55	39.703
981.79	38.701
982.04	38.118
982.28	36.468
982.52	35.406
982.77	35.299
983.01	33.582
983.26	31.898
983.50	31.001
983.74	29.601
983.99	28.897
984.23	26.675
984.48	26.369
984.72	26.743
984.96	24.519
985.21	24.004
985.45	22.537
985.69	21.842
985.94	21.091
986.18	20.172
986.43	19.157
986.67	18.126
986.91	17.459
987.16	16.155
987.40	15.900
987.64	16.363
987.89	15.143
988.13	14.262
988.37	14.344
988.62	13.264
988.86	13.203
989.11	13.037
989.35	12.063
989.59	12.072
989.84	11.482
990.08	11.297
990.32	11.486
990.57	12.662
990.81	11.758
991.05	11.665
991.30	12.158
991.54	10.824
991.78	12.024
992.03	11.667
992.27	12.008
992.51	12.779
992.76	13.439
993.00	12.677
993.25	14.174
993.49	14.427
993.73	14.024
993.98	15.518
994.22	16.399
994.46	16.218
994.71	16.688
994.95	17.536
995.19	19.931
995.44	20.105
995.68	19.781
995.92	21.947
996.17	23.889
996.41	25.216
996.65	24.639
996.90	24.468
997.14	26.334
997.38	26.934
997.63	28.148
997.87	30.111
998.11	32.908
998.36	32.827
998.60	33.618
998.84	34.333
999.08	35.225
999.33	37.247
999.57	38.040
999.81	38.071
1000.06	38.048
1000.30	39.555
1000.54	41.763
1000.79	42.041
1001.03	44.726
1001.27	45.712
1001.52	46.644
1001.76	47.673
1002.00	48.483
1002.25	49.075
1002.49	49.178
1002.73	51.082
1002.97	53.257
1003.22	53.297
1003.46	55.697
1003.70	57.150
1003.95	57.537
1004.19	58.293
1004.43	59.058
1004.68	59.681
1004.92	61.839
1005.16	62.145
1005.40	63.595
1005.65	63.433
1005.89	64.535
1006.13	64.007
1006.38	65.293
1006.62	67.130
1006.86	67.256
1007.10	68.155
1007.35	68.761
1007.59	71.295
1007.83	71.327
1008.08	68.857
1008.32	72.163
1008.56	73.091
1008.80	72.001
1009.05	72.557
1009.29	74.604
1009.53	73.595
1009.77	75.025
1010.02	75.793
1010.26	76.734
1010.50	77.121
1010.75	76.293
1010.99	76.741
1011.23	75.806
1011.47	76.258
1011.72	76.549
1011.96	76.726
1012.20	76.279
1012.44	76.371
1012.69	76.714
1012.93	76.053
1013.17	78.665
1013.41	79.481
1013.66	75.761
1013.90	74.733
1014.14	76.754
1014.38	76.048
1014.63	76.170
1014.87	75.213
1015.11	74.247
1015.35	74.012
1015.60	75.114
1015.84	77.271
1016.08	74.864
1016.32	73.198
1016.57	72.345
1016.81	72.104
1017.05	73.277
1017.29	72.094
1017.54	70.881
1017.78	71.018
1018.02	70.170
1018.26	69.549
1018.51	68.711
1018.75	67.213
1018.99	65.854
1019.23	66.362
1019.48	64.507
1019.72	64.174
1019.96	62.422
1020.20	62.287
1020.44	62.019
1020.69	60.503
1020.93	58.459
1021.17	59.842
1021.41	59.261
1021.66	57.052
1021.90	55.997
1022.14	53.444
1022.38	51.352
1022.62	51.852
1022.87	49.630
1023.11	47.234
1023.35	50.963
1023.59	49.191
1023.84	48.320
1024.08	48.921
1024.32	46.413
1024.56	45.204
1024.80	45.420
1025.05	43.593
1025.29	40.483
1025.53	40.477
1025.77	38.205
1026.01	38.559
1026.26	38.246
1026.50	36.115
1026.74	36.846
1026.98	34.539
1027.22	33.235
1027.47	33.153
1027.71	29.746
1027.95	28.879
1028.19	29.050
1028.43	28.404
1028.68	26.281
1028.92	27.639
1029.16	24.932
1029.40	24.299
1029.64	23.883
1029.89	23.285
1030.13	21.112
1030.37	22.351
1030.61	20.756
1030.85	17.821
1031.09	16.865
1031.34	17.572
1031.58	17.238
1031.82	16.707
1032.06	15.705
1032.30	13.133
1032.55	13.975
1032.79	14.628
1033.03	16.836
1033.27	14.706
1033.51	13.371
1033.75	12.356
1034.00	13.605
1034.24	12.929
1034.48	10.859
1034.72	11.726
1034.96	10.529
1035.20	10.333
1035.45	9.752
1035.69	11.731
1035.93	14.554
1036.17	12.744
1036.41	11.161
1036.65	8.259
1036.89	11.923
1037.14	15.336
1037.38	13.867
1037.62	14.371
1037.86	12.895
1038.10	11.797
1038.34	13.264
1038.59	12.787
1038.83	13.129
1039.07	14.096
1039.31	16.885
1039.55	19.745
1039.79	17.632
1040.03	19.276
1040.28	20.276
1040.52	19.079
1040.76	18.543
1041.00	19.437
1041.24	17.214
1041.48	22.364
1041.72	25.230
1041.97	24.724
1042.21	25.689
1042.45	26.301
1042.69	26.263
1042.93	26.446
1043.17	31.274
1043.41	32.431
1043.65	30.007
1043.90	28.325
1044.14	30.047
1044.38	30.687
1044.62	32.426
1044.86	31.942
1045.10	31.875
1045.34	38.965
1045.58	42.878
1045.83	38.240
1046.07	37.783
1046.31	40.159
1046.55	39.550
1046.79	45.505
1047.03	44.763
1047.27	42.802
1047.51	45.159
1047.75	47.561
1048.00	46.954
1048.24	46.968
1048.48	50.082
1048.72	49.342
1048.96	49.536
1049.20	53.084
1049.44	50.975
1049.68	54.570
1049.92	52.900
1050.16	51.632
1050.41	58.415
1050.65	58.967
1050.89	59.489
1051.13	58.656
1051.37	57.460
1051.61	58.401
1051.85	56.961
1052.09	60.950
1052.33	63.775
1052.57	58.996
1052.81	66.732
1053.06	65.149
1053.30	63.002
1053.54	63.582
1053.78	65.903
1054.02	66.543
1054.26	71.586
1054.50	64.059
1054.74	64.087
1054.98	67.618
1055.22	72.059
1055.46	72.075
1055.70	70.563
1055.94	71.932
1056.19	71.024
1056.43	72.481
1056.67	70.474
1056.91	70.582
1057.15	76.629
1057.39	72.718
1057.63	67.623
1057.87	66.860
1058.11	71.249
1058.35	75.540
1058.59	72.581
1058.83	73.349
1059.07	73.522
1059.31	74.430
1059.55	74.942
1059.79	77.553
1060.04	74.326
1060.28	70.588
1060.52	77.563
1060.76	77.934
1061.00	71.610
1061.24	68.319
1061.48	72.591
1061.72	69.268
1061.96	71.022
1062.20	74.522
1062.44	70.765
1062.68	67.853
1062.92	72.142
1063.16	69.281
1063.40	67.947
1063.64	72.260
1063.88	71.983
1064.12	74.419
1064.36	70.109
1064.60	69.958
1064.84	72.741
1065.08	69.907
1065.32	71.946
1065.57	72.699
1065.81	65.601
1066.05	65.030
1066.29	62.979
1066.53	58.457
1066.77	63.084
1067.01	62.636
1067.25	63.846
1067.49	67.606
1067.73	66.007
1067.97	61.111
1068.21	61.160
1068.45	65.858
1068.69	65.033
1068.93	65.753
1069.17	68.384
1069.41	55.705
1069.65	57.746
1069.89	64.952
1070.13	58.462
1070.37	55.682
1070.61	55.692
1070.85	54.386
1071.09	56.912
1071.33	54.770
1071.57	56.214
1071.81	60.456
1072.05	51.132
1072.29	45.527
1072.53	48.069
1072.77	49.804
1073.01	52.233
1073.25	44.646
1073.49	48.536
1073.73	49.127
1073.97	54.462
1074.21	47.619
1074.45	45.850
1074.69	42.292
1074.93	38.353
1075.17	47.034
1075.41	40.619
1075.65	38.783
1075.89	33.111
1076.13	35.294
1076.37	36.554
1076.61	35.323
1076.85	44.076
1077.09	32.747
1077.33	40.000
1077.57	30.502
1077.81	30.077
1078.05	23.855
1078.29	24.615
1078.53	25.745
1078.77	35.172
1079.01	35.236
1079.24	14.011
1079.48	10.482
1079.72	32.961
1079.96	37.766
1080.20	28.686
1080.44	22.333
1080.68	13.137
1080.92	6.481
1081.16	16.418
1081.40	17.158
1081.64	15.539
1081.88	13.590
1082.12	8.847
1082.36	17.737
1082.60	18.584
1082.84	14.157
1083.08	9.967
1083.32	4.878
1083.56	31.392
1083.80	4.403
1084.04	9.003
1084.28	16.447
1084.52	25.333
1084.75	-0.781
1084.99	7.143
1085.23	20.979
1085.47	27.562
1085.71	21.569
1085.95	18.475
1086.19	19.310
1086.43	6.810
1086.67	0.360
1086.91	6.294
1087.15	-0.826
1087.39	-18.026
1087.63	23.305
1087.87	39.623
1088.11	1.224
1088.35	-3.704
1088.58	2.165
1088.82	8.591
1089.06	18.621
1089.30	20.557
1089.54	5.042
1089.78	-7.353
1090.02	-20.245
1090.26	10.619
1090.50	28.571
1090.74	11.345
1090.98	13.636
1091.22	36.323
1091.46	22.596
1091.69	16.827
1091.93	33.690
1092.17	32.597
1092.41	45.274
1092.65	30.374
1092.89	21.569
1093.13	17.241
1093.37	2.740
1093.61	7.104
1093.85	7.732
1094.09	-1.613
1094.32	46.632
1094.56	42.632
1094.80	26.316
1095.04	26.994
1095.28	31.373
1095.52	-47.436
1095.76	-11.765
1096.00	22.000
1096.24	19.835
1096.47	56.061
1096.71	48.315
1096.95	21.429
1097.19	37.107
1097.43	28.342
1097.67	21.935
1097.91	35.519
1098.15	39.844
1098.39	51.111
1098.62	40.789
1098.86	13.245
1099.10	14.286
1099.34	-0.893
1099.58	47.287
1099.82	75.000
1100.06	74.725
1100.30	58.192
1100.53	70.400
1100.77	52.174
1101.01	16.304
1101.25	42.202
1101.49	59.483
1101.73	60.577
1101.97	110.112
1102.21	69.697
1102.44	14.394
1102.68	12.295
1102.92	33.766
1103.16	54.098
1103.40	35.644
1103.64	65.333
1103.88	81.818
1104.11	77.419
1104.35	53.261
1104.59	131.148
1104.83	155.556
1105.07	12.727
1105.31	-10.000
1105.55	125.581
1105.78	40.816
1106.02	26.087
1106.26	7.500
1106.50	50.794
1106.74	35.652
1106.98	56.000
1107.22	58.889
1107.45	280.000
1107.69	116.667
1107.93	68.085
1108.17	-100.000
1108.41	93.023
1108.65	0.000
1108.88	38.596
1109.12	41.892
1109.36	-5.882
1109.60	46.000
1109.84	71.569
1110.08	67.308
1110.31	67.105
1110.55	112.727
1110.79	8.955
1111.03	44.828
1111.27	-13.953
1111.51	17.000
1111.74	26.316
1111.98	370.000
1112.22	366.667
1112.46	108.333
1112.70	5.263
1112.93	100.000
1113.17	-257.143
1113.41	-134.783
1113.65	197.059
1113.89	53.846
1114.13	-1100.000
1114.36	59.375
1114.60	64.286
1114.84	106.000
1115.08	145.455
1115.32	20.000
1115.55	-10.000
1115.79	71.429
1116.03	23.077
1116.27	-35.294
1116.51	14.286
1116.74	32.813
1116.98	32.692
1117.22	44.444
1117.46	43.137
1117.70	71.429
1117.93	47.170
1118.17	50.943
1118.41	387.500
1118.65	209.524
1118.89	84.906
1119.12	2100.000
1119.36	-140.000
1119.60	67.925
1119.84	78.947
1120.07	63.750
1120.31	36.364
1120.55	-2.703
1120.79	161.905
1121.03	-500.000
1121.26	119.231
1121.50	68.000
1121.74	-156.250
1121.98	-185.000
1122.21	94.118
1122.45	154.348
1122.69	-0.000
1122.93	128.571
1123.17	-320.000
1123.40	-481.250
1123.64	292.593
1123.88	0.000
1124.12	115.000
1124.35	-50.000
1124.59	-62.963
1124.83	7.692
1125.07	-57.143
1125.30	400.000
1125.54	185.714
1125.78	-155.556
1126.02	18.750
